,0,1,2,3,4,5,6,7,8,9,10,11,12,13,14,15,16,17,18,19,20,21,22,23,24,25,26,27,28,29,30,31,32,33,34,35,36,37,38,39
9141,2436,0.058021,0.05201,-0.017817,0.864174,0.006342,-0.503152,0.214645,0.899737,0.379999,0.455115,-0.436384,0.776169,-0.007055,0.002503,0.012556,0.29668,-0.112251,-0.065042,-0.905407,0.077516,0.028227,-0.036686,0.721076,-0.204249,-0.662065,0.207503,0.975362,-0.074903,0.661052,-0.08337,0.745693,-0.007087,-0.004982,0.004886,-0.040675,0.029064,-0.051831,-0.778915,1
9142,2437,0.057753,0.052369,-0.017415,0.863908,0.008209,-0.503581,0.211789,0.901245,0.378023,0.456953,-0.433231,0.776854,-0.007794,0.009274,0.009709,0.000086,0.086442,-0.164398,-0.90753,0.077409,0.028152,-0.036627,0.719642,-0.20637,-0.662967,0.208371,0.974989,-0.077312,0.662341,-0.082506,0.744644,-0.007117,0.000138,0.000242,0.153329,-0.108844,0.151593,-0.779078,1
9143,2438,0.057648,0.052509,-0.017215,0.864131,0.008616,-0.503192,0.211475,0.901079,0.378595,0.456677,-0.433569,0.776828,-0.007113,0.003504,0.013404,-0.039532,-0.022416,0.023877,-0.907857,0.077361,0.028124,-0.036602,0.719532,-0.206591,-0.663018,0.208658,0.974926,-0.077335,0.66237,-0.082699,0.744597,0.000007,-0.005289,0.004509,-0.036493,0.012252,-0.019671,-0.779405,1
9144,2439,0.057518,0.052813,-0.016775,0.862496,0.014166,-0.505865,0.207827,0.90151,0.379589,0.461419,-0.432526,0.774605,-0.000267,0.004542,0.013518,-0.027588,0.057961,-0.14395,-0.909653,0.07728,0.028079,-0.036572,0.71794,-0.208958,-0.664001,0.209549,0.974511,-0.080102,0.663815,-0.081632,0.743427,-0.007111,0.0002,0.000292,-0.001471,0.015047,-0.029982,-0.778915,1
9145,2440,0.0575,0.053099,-0.016326,0.8618,0.01464,-0.507035,0.207016,0.902397,0.377918,0.46308,-0.430654,0.774656,-0.000322,0.005135,0.013999,0.005925,0.051112,-0.140859,-0.907857,0.077209,0.028039,-0.036556,0.717787,-0.209256,-0.664073,0.209894,0.97443,-0.080182,0.663872,-0.081831,0.743355,-0.000054,-0.000545,-0.000449,-0.000007,0.000001,-0.000019,-0.779078,1
9146,2441,0.057509,0.053245,-0.016074,0.861399,0.015784,-0.507682,0.205334,0.903381,0.376483,0.464572,-0.428547,0.774931,-0.000416,0.00614,0.014895,0.003944,-0.058614,0.020458,-0.90802,0.077176,0.028023,-0.036555,0.717836,-0.209177,-0.664044,0.209869,0.974444,-0.080084,0.663826,-0.081875,0.743391,-0.000071,-0.000713,-0.000588,-0.000009,0.000007,-0.00002,-0.779405,1
9147,2442,0.057557,0.053521,-0.015476,0.860369,0.02312,-0.509146,0.197786,0.905537,0.375344,0.469729,-0.423636,0.774523,0.006911,0.002743,0.01996,0.263487,-0.151561,-0.007644,-0.913572,0.07712,0.027992,-0.036574,0.716582,-0.21091,-0.66485,0.210121,0.974182,-0.082569,0.6651,-0.080532,0.742398,-0.000089,-0.000922,-0.000761,-0.000864,0.000576,-0.000721,-0.779731,1
9148,2443,0.057642,0.053696,-0.014767,0.859694,0.026069,-0.510143,0.193971,0.90723,0.373241,0.472547,-0.419826,0.774884,0.006922,0.002319,0.019455,-0.021423,0.03827,-0.146079,-0.915368,0.077069,0.027956,-0.036603,0.716737,-0.210643,-0.664768,0.209928,0.974241,-0.082366,0.664994,-0.080519,0.742494,-0.00008,-0.000817,-0.000672,-0.000022,0.000011,-0.000026,-0.780385,1
9149,2444,0.057789,0.053684,-0.014001,0.858646,0.031647,-0.511589,0.186437,0.910443,0.369234,0.477458,-0.41242,0.775849,0.007052,0.000654,0.017838,0.506063,-0.145325,-0.362977,-0.912592,0.077001,0.027918,-0.036633,0.715459,-0.212415,-0.665579,0.21019,0.973967,-0.084893,0.666285,-0.079161,0.741482,-0.007196,-0.000638,-0.000406,-0.001142,0.014836,-0.029689,-0.780548,1
9150,2445,0.057879,0.053616,-0.013606,0.857942,0.034515,-0.512585,0.182683,0.912033,0.36718,0.480168,-0.40866,0.776167,0.007104,0.000024,0.01723,0.503517,-0.112527,-0.251933,-0.910959,0.076972,0.0279,-0.036648,0.71544,-0.212453,-0.665588,0.210219,0.973958,-0.08492,0.666297,-0.079164,0.741471,-0.000108,-0.001091,-0.000902,-0.000029,0.000014,-0.000028,-0.780548,1
9151,2446,0.058127,0.053377,-0.012823,0.855828,0.040434,-0.515677,0.174535,0.915899,0.361477,0.486924,-0.399366,0.776795,0.007922,-0.007367,0.019477,0.362502,-0.185412,-0.11138,-0.910959,0.076915,0.027864,-0.036677,0.715602,-0.212171,-0.665503,0.21001,0.974022,-0.084711,0.666189,-0.079143,0.741571,-0.007165,-0.000277,-0.000109,-0.000993,0.014708,-0.029573,-0.780875,1
9152,2447,0.058395,0.053076,-0.012119,0.855555,0.046586,-0.51561,0.165121,0.919373,0.357053,0.490672,-0.390617,0.778883,0.008148,-0.009749,0.017323,0.486147,-0.226213,-0.106579,-0.909816,0.076863,0.027829,-0.036704,0.715752,-0.21191,-0.665425,0.209817,0.97408,-0.084518,0.666088,-0.079124,0.741663,-0.000064,-0.000665,-0.00055,0.000002,0.000011,-0.000015,-0.781528,1
9153,2448,0.058523,0.052929,-0.011833,0.854825,0.048643,-0.516629,0.162583,0.920361,0.35567,0.492786,-0.388031,0.77884,0.000777,-0.00561,0.012836,-0.047141,-0.031514,-0.029824,-0.912429,0.076846,0.027814,-0.036717,0.71584,-0.211757,-0.66538,0.209704,0.974115,-0.084405,0.66603,-0.079112,0.741716,-0.00008,-0.000823,-0.000683,0.000001,0.000005,-0.000015,-0.782181,1
9154,2449,0.058716,0.052762,-0.011393,0.853876,0.050917,-0.517978,0.159964,0.921361,0.354266,0.495283,-0.385357,0.778584,0.006992,-0.000367,0.00783,-0.041453,-0.022967,0.021359,-0.914388,0.076806,0.027787,-0.036738,0.716006,-0.211465,-0.665294,0.209487,0.97418,-0.08419,0.665919,-0.07909,0.741818,-0.000037,-0.000366,-0.000303,0.000006,-0.000005,-0.000002,-0.783324,1
9155,2450,0.058807,0.052806,-0.011163,0.855465,0.052743,-0.515166,0.156388,0.922042,0.354092,0.49368,-0.38348,0.780527,-0.000356,0.003539,0.003131,-0.021408,0.096212,-0.141128,-0.914552,0.076766,0.027767,-0.036754,0.71602,-0.211444,-0.665285,0.209471,0.974184,-0.084174,0.665909,-0.079088,0.741827,-0.000061,-0.000621,-0.000515,0.000003,0.000008,-0.000003,-0.78365,1
9156,2451,0.058865,0.052933,-0.011099,0.855981,0.053221,-0.514259,0.155719,0.921957,0.354607,0.492997,-0.383617,0.780891,-0.000859,0.007442,-0.002308,0.033971,-0.007365,0.02241,-0.916511,0.076712,0.027762,-0.036758,0.714748,-0.2132,-0.666092,0.20971,0.973912,-0.086697,0.667199,-0.077719,0.740812,0.000004,0.000032,0.000028,-0.001615,0.00106,-0.001342,-0.783487,1
9157,2452,0.058902,0.052976,-0.011092,0.856318,0.05357,-0.513661,0.155215,0.921926,0.354907,0.49257,-0.383642,0.781148,0.006719,0.001179,0.000293,0.000021,-0.013844,0.032206,-0.917491,0.07668,0.027764,-0.036755,0.714757,-0.213193,-0.666085,0.209712,0.973913,-0.086682,0.667189,-0.077729,0.74082,0.000002,0.000024,0.000022,-0.000211,0.000133,-0.00019,-0.783487,1
9158,2453,0.058966,0.052997,-0.011094,0.856948,0.054275,-0.512536,0.154294,0.921817,0.355592,0.491764,-0.383806,0.781575,-0.000028,0.000286,0.00025,-0.001335,0.000907,0.002036,-0.915205,0.076584,0.027763,-0.036748,0.713581,-0.214784,-0.666834,0.209845,0.973669,-0.089059,0.668405,-0.076381,0.739864,-0.000034,-0.00033,-0.000274,-0.001179,0.000782,-0.000995,-0.783487,1
9159,2454,0.059038,0.053045,-0.011053,0.85723,0.054539,-0.512035,0.153955,0.921745,0.355925,0.491378,-0.38394,0.781752,0.006585,0.002494,0.001454,0.00318,-0.030533,0.054523,-0.916185,0.076422,0.027739,-0.036745,0.712464,-0.216276,-0.667546,0.209922,0.973442,-0.091334,0.669571,-0.07506,0.738944,-0.007157,-0.000114,0.000022,-0.005017,0.017344,-0.032859,-0.783977,1
9160,2455,0.059064,0.05309,-0.011024,0.857495,0.054852,-0.511559,0.153546,0.921703,0.356209,0.491045,-0.383995,0.781934,-0.000203,0.002024,0.001785,-0.014975,0.110496,-0.163951,-0.916838,0.076335,0.027712,-0.03674,0.711604,-0.215303,-0.668777,0.20968,0.973588,-0.090324,0.670561,-0.075954,0.737954,-0.007182,-0.000347,-0.000172,-0.121359,-0.438179,-0.233918,-0.78463,1
9161,2456,0.059112,0.053173,-0.010956,0.857974,0.055435,-0.510693,0.152811,0.921611,0.356765,0.490437,-0.384135,0.782247,-0.000182,0.001799,0.001583,0.001497,-0.01562,0.02465,-0.917981,0.076129,0.02764,-0.036722,0.709378,-0.21723,-0.670517,0.210438,0.973206,-0.092659,0.672679,-0.075372,0.736084,-0.007226,-0.005971,0.004056,-0.03631,0.030144,-0.047637,-0.786263,1
9162,2457,0.059161,0.053247,-0.010898,0.858171,0.055643,-0.510338,0.152538,0.921571,0.356985,0.490176,-0.3842,0.782379,-0.000228,0.002244,0.001974,0.001731,-0.015703,0.024435,-0.918307,0.075894,0.02754,-0.036695,0.707574,-0.220021,-0.671511,0.211685,0.972647,-0.095634,0.674185,-0.074481,0.734795,-0.000144,-0.001358,-0.001125,-0.001893,0.001292,-0.001528,-0.786753,1
9163,2458,0.059183,0.053288,-0.010864,0.85821,0.05567,-0.510269,0.152497,0.921563,0.357023,0.49012,-0.384216,0.782406,-0.00019,0.001862,0.001637,-0.000256,0.000199,0.000437,-0.91896,0.075779,0.027484,-0.036673,0.707429,-0.220325,-0.671566,0.212092,0.972557,-0.095655,0.674211,-0.074765,0.734743,-0.007247,-0.006043,0.003993,-0.036937,0.026775,-0.048657,-0.786753,1
9164,2459,0.059223,0.05339,-0.010787,0.858283,0.055717,-0.510142,0.15241,0.921559,0.357071,0.490021,-0.384218,0.782467,-0.000312,0.00305,0.002676,0.001881,-0.015788,0.0242,-0.91994,0.075566,0.02737,-0.036631,0.705656,-0.223021,-0.672539,0.213345,0.972001,-0.098475,0.675671,-0.073993,0.733479,-0.007235,-0.000689,-0.000465,0.00443,-0.069948,0.149388,-0.786263,1
9165,2460,0.059251,0.053519,-0.010679,0.858368,0.055798,-0.509989,0.152298,0.921542,0.357161,0.489906,-0.384246,0.782525,-0.001027,0.008977,-0.000976,0.038486,-0.024787,0.04303,-0.918634,0.075401,0.027259,-0.036587,0.705264,-0.223787,-0.672696,0.214258,0.971782,-0.098653,0.675791,-0.074554,0.733311,-0.007237,-0.000677,-0.000458,-0.000983,0.014717,-0.029567,-0.786426,1
9166,2461,0.059244,0.053643,-0.010571,0.857021,0.055904,-0.512239,0.153393,0.921349,0.357192,0.491919,-0.384695,0.78104,-0.000309,0.003008,0.002627,0.002564,-0.012575,0.022907,-0.91994,0.07528,0.02717,-0.03656,0.704992,-0.224321,-0.672804,0.21491,0.971627,-0.09876,0.675869,-0.074967,0.733198,-0.000068,-0.00061,-0.000504,0.000006,-0.000005,0.000001,-0.78659,1
9167,2462,0.059237,0.053701,-0.010527,0.856952,0.05578,-0.512369,0.153517,0.921376,0.35707,0.492001,-0.384649,0.781011,-0.000276,0.00268,0.00234,0.002057,-0.015453,0.023851,-0.919124,0.075241,0.027128,-0.036547,0.704905,-0.224498,-0.672836,0.215162,0.971572,-0.098756,0.675879,-0.075154,0.733169,-0.000059,-0.005672,0.004191,-0.035673,0.011932,-0.018877,-0.786426,1
9168,2463,0.059212,0.053841,-0.010463,0.856953,0.055755,-0.512369,0.15342,0.921468,0.356873,0.492029,-0.384431,0.781101,-0.000249,0.002436,0.002124,0.002014,-0.01593,0.023982,-0.918797,0.075184,0.027053,-0.036528,0.703451,-0.226587,-0.673657,0.215823,0.971164,-0.101287,0.677182,-0.07414,0.732069,-0.000101,-0.00091,-0.00076,-0.000865,0.000559,-0.000728,-0.78659,1
9169,2464,0.059202,0.053939,-0.010424,0.857278,0.056182,-0.511778,0.152798,0.921479,0.357111,0.491656,-0.384342,0.781379,-0.000138,0.001335,0.001161,-0.000008,0.000019,0.000063,-0.919451,0.075144,0.026984,-0.036499,0.703145,-0.227166,-0.673782,0.216477,0.971,-0.101462,0.677291,-0.074516,0.731931,-0.000033,-0.000286,-0.000238,-0.000008,0.000007,-0.000022,-0.78659,1
9170,2465,0.059253,0.054035,-0.010354,0.857051,0.055823,-0.512197,0.153208,0.921533,0.356796,0.491924,-0.384265,0.781249,-0.000269,0.00262,0.002277,0.002032,-0.01594,0.02393,-0.918634,0.075111,0.02694,-0.036461,0.702968,-0.22751,-0.67385,0.216921,0.970897,-0.101506,0.677333,-0.074816,0.731861,0.000001,0.000033,0.00003,0.006274,-0.08479,0.17979,-0.786426,1
9171,2466,0.05927,0.054071,-0.010305,0.857217,0.056046,-0.511895,0.152971,0.921472,0.357055,0.491708,-0.384379,0.781329,-0.000187,0.001808,0.00157,-0.000067,0.000004,-0.000009,-0.916838,0.075095,0.02693,-0.036449,0.703032,-0.227408,-0.673817,0.2169,0.970915,-0.101373,0.677273,-0.074882,0.73191,0,0.000019,0.000018,-0.000013,-0.000013,-0.000015,-0.78659,1
9172,2467,0.059306,0.054124,-0.01021,0.857322,0.056187,-0.511703,0.152902,0.921371,0.357346,0.491546,-0.384601,0.781321,-0.000265,0.002563,0.00222,0.002049,-0.015954,0.023925,-0.918961,0.074969,0.026897,-0.036374,0.702029,-0.228715,-0.67442,0.217017,0.970687,-0.103286,0.678275,-0.073851,0.731086,-0.007091,-0.004342,0.005404,-0.040189,0.028744,-0.050926,-0.787243,1
9173,2468,0.059345,0.054188,-0.01012,0.857416,0.056302,-0.511533,0.152833,0.921293,0.357576,0.491404,-0.384771,0.781327,-0.000214,0.002055,0.001779,0.002037,-0.015969,0.023918,-0.919451,0.074834,0.026806,-0.036295,0.700524,-0.230941,-0.675227,0.217984,0.970213,-0.105681,0.67952,-0.073156,0.729999,-0.0072,-0.005302,0.004602,-0.032209,-0.056768,0.129936,-0.788223,1
9174,2469,0.059375,0.0542,-0.010073,0.857487,0.056397,-0.511403,0.152793,0.921218,0.357785,0.491292,-0.384935,0.781316,0.006549,0.002306,0.00126,0.001989,-0.015224,0.029219,-0.919451,0.074709,0.026746,-0.036256,0.698956,-0.233228,-0.676064,0.218784,0.969739,-0.108347,0.680876,-0.072183,0.728831,-0.007238,-0.005605,0.00435,-0.04012,0.028942,-0.051307,-0.788386,1
9175,2470,0.059458,0.054193,-0.009976,0.857588,0.056532,-0.51122,0.152848,0.921026,0.358256,0.4911,-0.385375,0.78122,-0.000115,0.001086,0.000936,-0.000009,0.00001,-0.000012,-0.91994,0.074499,0.02664,-0.036234,0.69839,-0.234297,-0.67628,0.219857,0.969443,-0.108817,0.681111,-0.072688,0.728562,-0.000197,-0.006798,0.003255,-0.03572,0.012031,-0.018905,-0.788059,1
14029,1680,0.016483,0.039374,-0.019453,-0.866866,-0.032156,0.497501,0.262201,-0.878157,0.400111,0.424019,0.477288,0.769677,-0.000002,-0.000012,-0.000006,0.000006,0.000007,0.000026,0.523385,0.065179,0.053119,-0.041609,0.07972,0.349634,-0.933488,0.364855,-0.881718,-0.299085,-0.927644,-0.316745,-0.197857,-0.000397,-0.004938,0.004637,-0.061413,-0.150775,-0.112034,-0.800306,1
14030,1681,0.016453,0.03937,-0.019448,-0.866795,-0.032243,0.49762,0.262341,-0.878135,0.400067,0.424079,0.477323,0.769622,-0.000001,-0.000011,-0.000007,0.000007,0.000019,0.000013,0.523548,0.065188,0.053078,-0.041577,0.080125,0.352931,-0.932211,0.364301,-0.880889,-0.302189,-0.927827,-0.315393,-0.199155,-0.000322,-0.004668,0.004756,-0.040757,0.035088,-0.011072,-0.803409,1
14031,1682,0.016449,0.039365,-0.019445,-0.866707,-0.032324,0.497767,0.262489,-0.878113,0.400019,0.424166,0.477358,0.769552,-0.000001,-0.000003,-0.000003,0.000013,0.000001,0.000013,0.523385,0.065167,0.053109,-0.041515,0.083846,0.360461,-0.928997,0.353189,-0.882507,-0.310545,-0.931786,-0.302074,-0.201305,0.000773,0.002852,0.001258,0.002682,-0.009516,0.018755,-0.79949,1
14032,1683,0.016474,0.039353,-0.019438,-0.866678,-0.032324,0.497818,0.262547,-0.878074,0.400066,0.42419,0.47743,0.769494,0.000057,0.000552,0.000468,0.000009,-0.000009,0.000018,0.523548,0.065153,0.053272,-0.041477,0.087977,0.367274,-0.925942,0.342453,-0.88404,-0.318116,-0.935406,-0.289105,-0.203549,0.000883,0.003249,0.001431,0.001721,0.002104,-0.004373,-0.801123,1
14033,1684,0.016495,0.039337,-0.019414,-0.867113,-0.034419,0.49692,0.262881,-0.878986,0.397838,0.423093,0.475602,0.771228,0.000163,-0.005579,0.003859,0.000089,-0.024627,-0.050989,0.523385,0.065174,0.053423,-0.04139,0.089893,0.36933,-0.92494,0.336948,-0.885214,-0.320719,-0.937221,-0.282827,-0.20402,0.001286,0.004734,0.002073,-0.003076,0.079797,-0.154323,-0.799816,1
14034,1685,0.016505,0.03932,-0.019403,-0.867079,-0.034429,0.496978,0.263033,-0.878854,0.39803,0.423068,0.475846,0.771092,-0.000003,-0.000014,-0.000013,-0.009183,0.005536,0.002967,0.523385,0.065169,0.053507,-0.041332,0.092165,0.37384,-0.922902,0.331346,-0.88554,-0.325617,-0.938996,-0.275789,-0.205486,0.001226,0.004515,0.001975,0.001639,0.002425,-0.006954,-0.798837,1
14035,1686,0.016526,0.039272,-0.019374,-0.867454,-0.036131,0.496203,0.263336,-0.879538,0.396315,0.422111,0.474454,0.772473,0.000163,-0.005588,0.003854,0.120536,-0.232144,0.042741,0.523385,0.065188,0.053734,-0.041251,0.09589,0.38765,-0.916805,0.326033,-0.882473,-0.339033,-0.940482,-0.266399,-0.211007,0.001407,0.005177,0.002248,0.002201,-0.008715,0.016012,-0.804062,1
14036,1687,0.01653,0.039262,-0.019325,-0.867723,-0.037582,0.495623,0.263738,-0.880001,0.395017,0.421304,0.473481,0.77351,0.0001,0.00098,0.000831,0.347114,-0.287869,-0.216067,0.523548,0.065221,0.053953,-0.041186,0.096436,0.391168,-0.915252,0.326284,-0.881151,-0.342214,-0.940339,-0.265631,-0.212607,0.001486,0.005472,0.002366,0.001333,-0.012718,0.025036,-0.808634,1
14037,1688,0.016534,0.039268,-0.019288,-0.867931,-0.0385,0.495189,0.26396,-0.880297,0.394208,0.420737,0.472856,0.7742,0.000183,0.001765,0.001493,-0.013267,-0.008781,0.02707,0.523548,0.065228,0.054111,-0.041152,0.099549,0.390701,-0.915118,0.326216,-0.881672,-0.340935,-0.940038,-0.264587,-0.215222,-0.003629,0.008392,0.003881,-0.017694,-0.070495,-0.009162,-0.803409,1
14038,1689,0.016527,0.039276,-0.01919,-0.868738,-0.042662,0.49343,0.264846,-0.881886,0.390043,0.418509,0.469528,0.777427,0.000173,0.001677,0.001418,-0.002533,-0.006952,-0.010672,0.523548,0.065216,0.054527,-0.041034,0.102494,0.389071,-0.915487,0.32584,-0.88269,-0.338652,-0.939852,-0.263592,-0.217246,-0.002696,0.011767,0.005299,-0.02054,0.0781,-0.15653,-0.802756,1
14039,1690,0.016509,0.039255,-0.019103,-0.868647,-0.042528,0.493601,0.265133,-0.881538,0.390632,0.418516,0.470191,0.777022,0.000079,0.000783,0.000661,-0.000793,0.000957,0.00091,0.523385,0.065144,0.054913,-0.040709,0.112835,0.386154,-0.915506,0.318197,-0.886909,-0.334875,-0.941285,-0.253526,-0.222948,0.003558,0.013074,0.00553,-0.018608,-0.020662,0.085251,-0.806675,1
14040,1691,0.016503,0.039239,-0.019052,-0.868568,-0.042563,0.493737,0.265337,-0.881407,0.390791,0.41855,0.470436,0.776856,0.000103,0.001009,0.000852,0.001672,-0.016885,0.023534,0.523548,0.065123,0.05538,-0.040339,0.11523,0.386175,-0.915199,0.316851,-0.887497,-0.334592,-0.941448,-0.251427,-0.224627,0.00411,0.01509,0.006297,-0.003165,0.056671,-0.09732,-0.813369,1
14041,1692,0.016515,0.039232,-0.019033,-0.86852,-0.042584,0.493821,0.265437,-0.881354,0.390841,0.418588,0.470532,0.776777,0.000205,-0.005172,0.004208,-0.035916,0.015054,-0.01539,0.523548,0.065122,0.055655,-0.040165,0.115058,0.385877,-0.915346,0.316563,-0.887666,-0.334416,-0.941566,-0.251288,-0.224289,-0.001288,0.016743,0.007223,0.002643,-0.023663,0.047922,-0.81239,1
14042,1693,0.01653,0.039192,-0.019009,-0.868275,-0.04277,0.494234,0.265883,-0.881217,0.390847,0.418812,0.470772,0.776511,-0.000005,-0.000035,-0.000031,0.000114,0.000105,0.000205,0.523385,0.065105,0.056326,-0.039869,0.114759,0.384233,-0.916075,0.316329,-0.888299,-0.332955,-0.941682,-0.251572,-0.223484,-0.000457,0.01966,0.008314,0.003142,-0.037622,0.073152,-0.809777,1
14043,1694,0.016515,0.039171,-0.019,-0.868133,-0.042898,0.494472,0.266144,-0.881151,0.390818,0.41894,0.470883,0.776374,-0.000012,-0.000111,-0.000094,0.000089,0.000072,0.000131,0.523548,0.065181,0.057072,-0.039536,0.117796,0.383555,-0.915974,0.315786,-0.888983,-0.331642,-0.941489,-0.250186,-0.22584,0.004766,0.017455,0.007002,-0.011609,0.063874,-0.094241,-0.807491,1
14044,1695,0.0165,0.039164,-0.019006,-0.868072,-0.042965,0.494574,0.266247,-0.881143,0.390766,0.419002,0.470892,0.776335,-0.000087,-0.000827,-0.000697,-0.0014,0.017126,-0.023058,0.523385,0.065253,0.057394,-0.039397,0.121355,0.380258,-0.916884,0.315269,-0.890646,-0.327649,-0.941211,-0.249303,-0.227968,0.004652,0.017056,0.006786,0.003052,-0.667564,-0.23327,-0.805368,1
14045,1696,0.016457,0.039129,-0.019033,-0.867877,-0.043175,0.494898,0.266572,-0.881117,0.390603,0.419199,0.470922,0.776211,-0.000157,-0.001497,-0.001265,-0.001413,0.017109,-0.023098,0.523548,0.065409,0.057988,-0.039083,0.12817,0.374512,-0.91832,0.313892,-0.893674,-0.320651,-0.940767,-0.247156,-0.232099,0.00382,0.010623,0.010726,-0.058649,-0.161628,-0.007162,-0.797857,1
14046,1697,0.016433,0.039091,-0.019064,-0.867734,-0.043321,0.495135,0.266803,-0.881099,0.390487,0.419347,0.470943,0.776118,-0.000042,-0.000398,-0.000335,0.000025,0.000026,0.00005,0.523548,0.065577,0.058351,-0.038786,0.139244,0.375192,-0.916428,0.311791,-0.894985,-0.319039,-0.939891,-0.24131,-0.241604,0.001974,0.003879,0.008042,-0.059007,-0.441434,-0.182792,-0.79753,1
14047,1698,0.016403,0.039089,-0.019063,-0.867671,-0.043403,0.49524,0.26692,-0.881089,0.39043,0.419404,0.470954,0.776081,0.000083,0.000787,0.000665,0.001487,-0.017051,0.0232,0.523385,0.06572,0.058339,-0.038493,0.151523,0.374163,-0.914899,0.30836,-0.897288,-0.315891,-0.939123,-0.234254,-0.251337,0.000708,-0.000781,0.006232,-0.072559,-0.167174,-0.079495,-0.807164,1
14048,1699,0.016389,0.039098,-0.019055,-0.86759,-0.04349,0.495374,0.267054,-0.881078,0.390362,0.419486,0.470966,0.776029,0.000066,0.000627,0.000531,0.000019,0.000018,0.000023,0.523385,0.065762,0.058285,-0.038358,0.154316,0.373825,-0.914571,0.306923,-0.898,-0.315265,-0.939139,-0.232053,-0.253312,0.000534,-0.001419,0.005988,-0.059514,-0.050337,-0.020286,-0.806675,1
14049,1700,0.016336,0.039106,-0.019045,-0.867483,-0.043633,0.495549,0.267254,-0.881061,0.390264,0.41958,0.470985,0.775967,0.000005,0.000054,0.000046,0.000004,0.000016,0.000018,0.523548,0.065786,0.058076,-0.038088,0.153955,0.380888,-0.911713,0.315397,-0.893387,-0.319973,-0.936387,-0.238291,-0.257673,-0.000467,-0.005127,0.004577,-0.040521,0.034073,-0.012637,-0.805858,1
14050,1701,0.016257,0.039108,-0.019038,-0.867243,-0.04392,0.495942,0.267675,-0.881025,0.390055,0.419807,0.471025,0.77582,-0.000002,-0.000004,-0.000002,0,0.000006,0.000015,0.523385,0.065787,0.057708,-0.037819,0.15744,0.393548,-0.905721,0.323477,-0.887112,-0.329233,-0.933046,-0.241146,-0.26697,-0.001327,-0.011763,0.008588,-0.086755,-0.033841,0.115449,-0.802919,1
14051,1702,0.016233,0.039113,-0.019033,-0.8672,-0.04398,0.496013,0.267758,-0.881018,0.390015,0.419844,0.471033,0.775795,0,0.000014,0.000012,0,0.000004,0.000012,0.523385,0.065757,0.05749,-0.037642,0.159438,0.39492,-0.904774,0.33221,-0.88451,-0.327533,-0.929631,-0.248354,-0.272221,-0.006905,-0.014574,0.014389,-0.14038,0.027131,-0.103386,-0.808634,1
14052,1703,0.016184,0.039117,-0.019026,-0.867104,-0.04411,0.49617,0.267939,-0.881003,0.389926,0.419928,0.471049,0.775739,-0.000001,-0.000009,-0.000007,0.000001,0.000001,0.000008,0.523385,0.065738,0.05699,-0.037226,0.167602,0.405705,-0.898505,0.358592,-0.874056,-0.327775,-0.918324,-0.267261,-0.291977,-0.001224,-0.011404,0.008764,-0.10703,-0.498657,-0.299665,-0.811247,1
14053,1704,0.016178,0.039109,-0.019026,-0.867075,-0.044138,0.496217,0.267995,-0.880987,0.389924,0.419951,0.471077,0.77571,0.000001,0.000003,0.000003,0.000003,0.000001,0.000002,0.523548,0.065722,0.05645,-0.036854,0.167091,0.410604,-0.896373,0.384352,-0.864354,-0.324291,-0.907938,-0.290337,-0.302243,-0.001294,-0.011622,0.008477,5.060235,0.532194,1.577734,-0.803245,1
14054,1705,0.016183,0.039109,-0.019026,-0.867086,-0.044124,0.4962,0.267975,-0.880988,0.389933,0.419941,0.471075,0.775716,0.000001,0.000002,0.000003,0.000004,-0.000007,0.000006,0.523385,0.06567,0.056186,-0.036633,0.163929,0.405521,-0.899266,0.394983,-0.862316,-0.316857,-0.903944,-0.303252,-0.301533,-0.001504,-0.015927,0.013644,-0.109524,-0.015477,0.145206,-0.799,1
14055,1706,0.016178,0.039103,-0.019031,-0.867055,-0.044156,0.496251,0.268026,-0.880984,0.389908,0.419972,0.47108,0.775697,-0.000031,-0.000299,-0.000251,-0.000002,0.000009,0,0.523385,0.065537,0.05566,-0.036093,0.157054,0.396233,-0.904617,0.408062,-0.860173,-0.30592,-0.899343,-0.321094,-0.296781,-0.00626,-0.012104,0.015471,-0.098328,-0.033098,0.135308,-0.803246,1
14056,1707,0.016176,0.03908,-0.019037,-0.86693,-0.044267,0.496459,0.268238,-0.880943,0.389854,0.420095,0.471146,0.775591,-0.000023,-0.000225,-0.000189,-0.000003,0,0.000003,0.523385,0.065493,0.055066,-0.035494,0.156084,0.400756,-0.902791,0.419668,-0.8543,-0.306674,-0.894156,-0.331006,-0.301527,-0.001551,-0.016106,0.013653,-0.116647,-0.179504,-0.15755,-0.808961,1
14057,1708,0.016147,0.039059,-0.019022,-0.866826,-0.044377,0.49663,0.268464,-0.880866,0.389871,0.420164,0.471279,0.775472,0.000001,0.000011,0.000011,0.000002,0.000013,-0.000005,0.523385,0.065577,0.054484,-0.035031,0.166282,0.397506,-0.902407,0.440225,-0.848811,-0.292779,-0.882355,-0.348578,-0.316135,0.004941,-0.010113,0.009052,-0.043949,-0.580005,-0.559911,-0.813369,1
14058,1709,0.016128,0.039052,-0.019013,-0.866778,-0.044434,0.49671,0.268571,-0.880834,0.38987,0.420196,0.471333,0.775422,0.00007,0.000662,0.00056,-0.000003,0.000009,0.000001,0.523385,0.065594,0.054351,-0.03483,0.172147,0.381765,-0.908085,0.45921,-0.846655,-0.268886,-0.871487,-0.370715,-0.32106,0.000382,-0.005521,0.011144,0.102013,-0.272293,-1.119566,-0.814349,1
14059,1710,0.01606,0.039033,-0.018987,-0.866591,-0.04465,0.497016,0.26896,-0.880732,0.389833,0.420332,0.471504,0.775244,0.000025,0.000237,0.000203,-0.000004,0.000001,0.000005,0.523385,0.065623,0.054276,-0.034481,0.189689,0.368561,-0.910044,0.482713,-0.842126,-0.240438,-0.854988,-0.393682,-0.337651,0.000856,-0.000308,0.006503,0.627067,0.585177,-2.221059,-0.808961,1
14060,1711,0.016003,0.039013,-0.018949,-0.86644,-0.04482,0.497264,0.269306,-0.880611,0.389869,0.420422,0.471715,0.775067,0.000049,0.000461,0.000391,-0.000001,-0.000003,0.000001,0.523385,0.065624,0.054251,-0.034245,0.210939,0.363279,-0.907486,0.491512,-0.841895,-0.222773,-0.844937,-0.39905,-0.356145,-0.005413,-0.001481,0.006038,5.858173,1.168356,-0.136536,-0.807981,1
14061,1712,0.016005,0.039006,-0.018923,-0.866451,-0.044799,0.497247,0.269336,-0.880551,0.389984,0.420381,0.471829,0.77502,0.000125,0.001177,0.000996,0.00001,0.000003,-0.000009,0.523548,0.065599,0.054246,-0.034196,0.220269,0.354954,-0.908563,0.494221,-0.843646,-0.209775,-0.840967,-0.402825,-0.361255,-0.000303,-0.004598,0.004877,0.198699,-0.026075,-0.553797,-0.812063,1
14062,1713,0.01602,0.03902,-0.01882,-0.866523,-0.044697,0.49713,0.269353,-0.880388,0.390339,0.420221,0.472141,0.774916,0.000325,0.003041,0.002565,0.001462,-0.017038,0.023182,0.523385,0.065547,0.054261,-0.034182,0.235716,0.349796,-0.906686,0.499716,-0.843809,-0.195624,-0.833499,-0.406974,-0.373699,-0.000037,-0.000138,-0.000046,0.057235,-0.158813,-0.471242,-0.810103,1
14063,1714,0.016033,0.039036,-0.018672,-0.866392,-0.044772,0.497353,0.269753,-0.880113,0.390683,0.420235,0.472647,0.774601,0.000389,-0.003395,0.005709,-0.034639,-0.002085,0.007518,0.523385,0.065449,0.05441,-0.034233,0.251806,0.335437,-0.907785,0.498084,-0.849159,-0.175613,-0.829761,-0.407933,-0.3809,0.000481,0.001785,0.000683,-0.056377,-0.168468,-0.523088,-0.805858,1
14064,1715,0.016028,0.038997,-0.01855,-0.866292,-0.044823,0.497521,0.270142,-0.879804,0.391111,0.420191,0.473218,0.774276,0.000136,0.001298,0.001091,0.001454,-0.01701,0.023204,0.523385,0.065331,0.05461,-0.034262,0.271115,0.317712,-0.9086,0.492384,-0.856877,-0.152704,-0.827075,-0.40598,-0.388748,0.001011,0.007209,-0.003871,0.057843,-0.193082,-0.622299,-0.805858,1
14065,1716,0.01602,0.038955,-0.018501,-0.866208,-0.04488,0.497662,0.2704,-0.879632,0.391319,0.420197,0.473532,0.77408,0.000044,0.000436,0.000366,-0.000002,0.000009,-0.000009,0.523385,0.065287,0.05473,-0.034292,0.283509,0.30578,-0.908911,0.487679,-0.862062,-0.137901,-0.825706,-0.404161,-0.393526,0.001218,0.007959,-0.003586,0.421892,-0.334043,-1.132465,-0.807981,1
14066,1717,0.016005,0.03891,-0.018428,-0.866132,-0.044928,0.497791,0.27069,-0.879411,0.391615,0.420168,0.473937,0.773848,0.000108,0.00103,0.000865,0.000002,0.000004,-0.000008,0.523385,0.06524,0.055052,-0.034378,0.291862,0.297498,-0.909016,0.493715,-0.86085,-0.123215,-0.819183,-0.412833,-0.398129,0.000978,0.003591,0.001361,-0.017429,0.046774,0.11019,-0.810756,1
14067,1718,0.015965,0.038947,-0.018388,-0.866079,-0.045011,0.497876,0.270809,-0.879389,0.391582,0.420201,0.47397,0.77381,0.000121,0.001134,0.000953,-0.000013,0.000005,-0.000002,0.523385,0.065234,0.055349,-0.034445,0.298343,0.290911,-0.909044,0.492538,-0.862733,-0.114443,-0.817555,-0.413595,-0.400676,0.001107,0.004071,0.001533,0.073156,-0.068937,-0.288994,-0.812553,1
14068,1719,0.015938,0.03896,-0.018369,-0.865977,-0.045127,0.498042,0.270993,-0.879361,0.391516,0.420291,0.474011,0.773736,0.000031,0.000296,0.000251,-0.000005,0.000006,-0.000007,0.523548,0.065235,0.05549,-0.03444,0.302125,0.286866,-0.90908,0.49236,-0.863555,-0.108868,-0.816272,-0.414703,-0.402144,0.001483,0.00545,0.002044,0.08883,-0.122731,-0.493868,-0.811084,1
14069,1720,0.015889,0.038956,-0.018357,-0.865725,-0.045394,0.498456,0.271432,-0.879301,0.391349,0.420528,0.474098,0.773554,-0.000027,-0.00025,-0.000209,-0.000004,0,-0.000004,0.523385,0.065253,0.05572,-0.034356,0.308266,0.279785,-0.909225,0.49043,-0.86571,-0.100119,-0.815137,-0.415049,-0.404085,-0.00383,0.007119,0.002982,0.07452,-0.074202,-0.2449,-0.811736,1
14070,1721,0.015797,0.038937,-0.018374,-0.865459,-0.045713,0.498889,0.271888,-0.879272,0.391096,0.420782,0.47412,0.773403,-0.000107,-0.000983,-0.000822,-0.000006,0.000006,-0.000005,0.523222,0.065275,0.055919,-0.034201,0.316007,0.270895,-0.90926,0.493704,-0.865344,-0.086227,-0.810181,-0.421657,-0.407198,0.001871,0.006898,0.002558,0.03055,-0.098243,-0.444596,-0.813696,1
14071,1722,0.01569,0.038895,-0.018397,-0.865103,-0.046121,0.499468,0.272509,-0.879206,0.390812,0.421111,0.474202,0.773173,-0.000134,-0.001211,-0.001013,-0.001465,0.016994,-0.023225,0.523548,0.065371,0.055974,-0.034071,0.322229,0.263357,-0.909291,0.496203,-0.864988,-0.074684,-0.806195,-0.427128,-0.409403,0.006066,0.001174,0.000101,0.278289,-0.137934,-0.601715,-0.814839,1
14072,1723,0.015634,0.038881,-0.018405,-0.864944,-0.046311,0.499726,0.272787,-0.879182,0.390673,0.421258,0.474229,0.773076,-0.006625,-0.000323,0.000117,-0.00205,0.015209,-0.029252,0.523385,0.065403,0.055993,-0.034026,0.329715,0.255182,-0.908938,0.495971,-0.866033,-0.063224,-0.803305,-0.429962,-0.412108,0.000475,-0.001699,0.005925,0.195519,-0.145639,-0.611951,-0.814839,1
14073,1724,0.015524,0.038874,-0.018405,-0.864746,-0.04658,0.500043,0.273158,-0.879148,0.390489,0.421424,0.474265,0.772964,-0.00656,0.000282,0.000624,-0.002054,0.015204,-0.029247,0.523385,0.065442,0.056042,-0.033832,0.340904,0.242541,-0.908271,0.497789,-0.866157,-0.044458,-0.797489,-0.436972,-0.416011,0.000793,-0.000516,0.006358,0.080151,-0.066732,-0.359365,-0.815002,1
14074,1725,0.015427,0.038889,-0.018386,-0.86449,-0.046893,0.500456,0.273611,-0.879108,0.390262,0.421654,0.474308,0.772811,0.000017,0.000151,0.000131,-0.000014,0.000002,-0.000001,0.523385,0.065552,0.055954,-0.033654,0.343947,0.2377,-0.908404,0.496422,-0.867206,-0.03896,-0.797034,-0.437552,-0.416273,-0.000091,-0.003785,0.005159,0.001199,0.022705,0.026033,-0.816145,1
14075,1726,0.015402,0.038882,-0.018384,-0.864418,-0.046977,0.500572,0.273746,-0.879084,0.390221,0.421714,0.474344,0.772757,-0.000006,-0.00005,-0.00004,-0.000007,-0.000009,0.000002,0.523548,0.065623,0.055878,-0.033588,0.343337,0.23759,-0.908663,0.496365,-0.867227,-0.039205,-0.797333,-0.437568,-0.415683,0.005078,-0.005915,0.004042,-0.018974,0.038409,-0.007815,-0.816962,1
14076,1727,0.015397,0.038881,-0.018385,-0.864407,-0.046991,0.50059,0.273766,-0.879082,0.390211,0.421724,0.474346,0.77275,0.000045,0.000405,0.000341,0.000001,-0.000002,-0.000004,0.523385,0.065837,0.055676,-0.033485,0.342477,0.236626,-0.909239,0.495925,-0.86749,-0.038964,-0.797976,-0.437571,-0.414445,0.004977,-0.006316,0.003897,-0.023743,0.035239,-0.017058,-0.817451,1
14077,1728,0.015414,0.038891,-0.018371,-0.865956,-0.046475,0.497955,0.272498,-0.878741,0.391865,0.419362,0.47503,0.773615,0.00003,0.000264,0.000222,0.00007,0.000163,-0.000133,0.523385,0.066011,0.055506,-0.033317,0.342418,0.235332,-0.909597,0.500512,-0.865005,-0.035377,-0.795132,-0.443151,-0.413981,0.00621,-0.001696,0.005592,0.121143,-0.025904,-0.296341,-0.817942,1
14078,1729,0.015464,0.038883,-0.018361,-0.866437,-0.048522,0.496922,0.272781,-0.8796,0.389735,0.418183,0.473232,0.775354,-0.000002,-0.000021,-0.000018,-0.011554,0.006918,0.003389,0.523385,0.066153,0.055479,-0.033034,0.342308,0.233641,-0.910074,0.504612,-0.862764,-0.031695,-0.792584,-0.448386,-0.41323,0.000941,0.000088,0.006577,-0.010734,0.022381,-0.031866,-0.818431,1
14079,1730,0.015493,0.038865,-0.018358,-0.866449,-0.048399,0.496912,0.272756,-0.879521,0.38993,0.418173,0.47339,0.775262,-0.000013,-0.000115,-0.000099,-0.001814,0.001298,0.000814,0.523385,0.06626,0.055503,-0.032957,0.341616,0.233217,-0.910443,0.504278,-0.862953,-0.031836,-0.793095,-0.448242,-0.412405,0.001224,0.004642,0.001679,-0.009643,0.014546,-0.004408,-0.817942,1
14080,1731,0.015538,0.038846,-0.018352,-0.866443,-0.048341,0.49693,0.272768,-0.879469,0.39004,0.41818,0.473494,0.775195,0.006563,-0.000236,-0.000583,0.002098,-0.015121,0.029387,0.523548,0.06643,0.055678,-0.032877,0.34365,0.229421,-0.910642,0.503905,-0.863325,-0.027341,-0.792453,-0.449482,-0.412289,0.007062,0.005087,0.001491,0.062338,-0.00234,-0.185431,-0.817778,1
14081,1732,0.015548,0.038829,-0.018347,-0.866361,-0.048397,0.497067,0.272911,-0.879423,0.390044,0.418256,0.473574,0.775106,-0.00002,-0.00017,-0.000145,0.000055,0.000037,0.00009,0.523385,0.066597,0.055895,-0.032756,0.341846,0.231519,-0.91079,0.520115,-0.853816,-0.021822,-0.7827,-0.466256,-0.412291,0.007224,0.00576,0.001723,0.059897,-0.038369,-0.35022,-0.816962,1
14082,1733,0.015537,0.038814,-0.018352,-0.866221,-0.048529,0.497297,0.273139,-0.879391,0.389954,0.418395,0.473618,0.775003,-0.000123,-0.00111,-0.000935,0.000038,0.000045,0.000068,0.523548,0.066672,0.055993,-0.03268,0.343679,0.228583,-0.910842,0.518611,-0.854801,-0.018837,-0.782895,-0.4659,-0.412323,0.001864,0.007123,0.002541,-0.002407,-0.016373,-0.167885,-0.814349,1
14083,1734,0.015505,0.03875,-0.018405,-0.865966,-0.048782,0.497717,0.273546,-0.879356,0.389749,0.418658,0.473658,0.774836,-0.000272,-0.002455,-0.002066,-0.001425,0.017,-0.023178,0.523385,0.066792,0.056259,-0.032495,0.348368,0.222351,-0.910603,0.5203,-0.85393,-0.009462,-0.779696,-0.470492,-0.413171,0.001913,0.003847,0.007864,-0.073325,0.019306,-0.122587,-0.809614,1
14084,1735,0.015497,0.038684,-0.018467,-0.865851,-0.048888,0.497905,0.273711,-0.879353,0.389639,0.418786,0.473653,0.774771,-0.000136,-0.001228,-0.001034,0.00002,0.000007,0.000037,0.523385,0.066991,0.056322,-0.032312,0.353751,0.213199,-0.910717,0.51049,-0.859878,-0.003007,-0.783746,-0.463848,-0.413019,0.005844,-0.002879,0.005133,-0.159647,-0.033761,-0.444565,-0.808634,1
14085,1736,0.015491,0.038679,-0.018471,-0.865831,-0.048909,0.497939,0.273745,-0.87935,0.389622,0.418807,0.473655,0.774758,0.000054,0.000479,0.000404,0.000006,0.000017,0.000022,0.523548,0.067153,0.056415,-0.032185,0.361289,0.201387,-0.910446,0.496915,-0.867783,0.005239,-0.789015,-0.454307,-0.413593,0.00157,0.006075,0.002123,-0.198187,-0.00135,-0.18246,-0.813696,1
14086,1737,0.015483,0.038689,-0.018462,-0.865839,-0.048909,0.497924,0.273737,-0.879351,0.389626,0.418794,0.473654,0.774765,0.000098,0.000879,0.00074,0.001462,-0.016974,0.023248,0.523385,0.067237,0.056507,-0.032146,0.364252,0.196373,-0.910361,0.490801,-0.87123,0.008446,-0.791475,-0.449884,-0.413727,0.006775,0.004246,0.001131,-0.133186,-0.025865,-0.378709,-0.809614,1
14087,1738,0.015505,0.038707,-0.018441,-0.865865,-0.048866,0.497883,0.273694,-0.879344,0.389673,0.418769,0.473672,0.774768,0.006625,0.000275,-0.000153,0.002065,-0.015208,0.029254,0.523385,0.067492,0.056632,-0.032141,0.365422,0.19175,-0.910877,0.482281,-0.875968,0.009079,-0.796159,-0.442617,-0.412577,0.006003,0.001299,0.000097,-0.157464,0.045503,-0.020457,-0.815982,1
14088,1739,0.015526,0.038718,-0.018433,-0.865869,-0.048846,0.497878,0.273675,-0.879346,0.389681,0.418773,0.473671,0.774767,-0.000002,-0.000014,-0.000012,0.000005,0.000003,0.000008,0.523548,0.067676,0.056796,-0.032294,0.367085,0.188572,-0.910872,0.478192,-0.878187,0.010909,-0.797859,-0.439577,-0.412543,0.005963,0.004643,-0.005212,0.045265,-0.074465,-0.386389,-0.813533,1
14089,1740,0.015531,0.038718,-0.018434,-0.86588,-0.048832,0.497861,0.273655,-0.879348,0.389691,0.418764,0.473668,0.774773,-0.000003,-0.000021,-0.000019,0.000001,0.000007,0.000001,0.523548,0.067783,0.056864,-0.032369,0.370266,0.184354,-0.910448,0.476591,-0.878981,0.015841,-0.797347,-0.439777,-0.413319,0.005848,0.0042,-0.005365,-0.013507,-0.028557,-0.200078,-0.81043,1
14090,1741,0.015521,0.038718,-0.018433,-0.865858,-0.048859,0.497896,0.273694,-0.879344,0.389671,0.418783,0.473672,0.77476,-0.000001,-0.000006,-0.000006,0.000006,-0.000002,-0.000007,0.523222,0.067946,0.056781,-0.032458,0.375149,0.178506,-0.909613,0.477924,-0.87805,0.024797,-0.79426,-0.44403,-0.414713,0.004461,-0.001249,-0.007258,0.061122,-0.09238,-0.396479,-0.813533,1
14091,1742,0.015476,0.038716,-0.018432,-0.865751,-0.048993,0.498069,0.273886,-0.879327,0.389576,0.418879,0.47369,0.774697,-0.000015,-0.000123,-0.000103,-0.000007,-0.000005,0,0.523385,0.068029,0.056621,-0.032586,0.377872,0.177093,-0.908762,0.485219,-0.873825,0.031475,-0.788526,-0.452843,-0.416123,-0.000537,0.001365,-0.006002,-0.000514,-0.041751,-0.083466,-0.813206,1
14092,1743,0.015476,0.038715,-0.018433,-0.865751,-0.048993,0.498069,0.273886,-0.879327,0.389576,0.418879,0.473691,0.774697,0.000013,0.000127,0.000107,-0.000005,-0.000008,0.000001,0.523548,0.068019,0.056516,-0.032692,0.377257,0.1823,-0.907988,0.503611,-0.863182,0.035939,-0.777207,-0.470832,-0.41745,-0.000962,-0.00031,-0.006587,0.113379,-0.129857,-0.430409,-0.814676,1
14093,1744,0.015477,0.038725,-0.018425,-0.865712,-0.04903,0.498134,0.273947,-0.879321,0.389546,0.418921,0.473697,0.774671,0.000056,0.000511,0.00043,-0.000005,0.000006,-0.000006,0.523548,0.068019,0.056412,-0.032725,0.37733,0.184329,-0.907547,0.512489,-0.857814,0.038849,-0.771346,-0.479767,-0.418147,-0.001073,-0.00424,-0.001486,0.010923,-0.045425,-0.16641,-0.813859,1
14094,1745,0.015467,0.038757,-0.018384,-0.865785,-0.04897,0.498013,0.273862,-0.879306,0.389641,0.418825,0.473732,0.774701,0.000227,-0.004859,0.004482,-0.036071,0.014984,-0.015662,0.523548,0.067811,0.056353,-0.032675,0.382248,0.17986,-0.906385,0.509855,-0.859105,0.044542,-0.770669,-0.479152,-0.420095,-0.010467,0.003516,0.001931,-0.038877,-0.035198,0.045412,-0.811573,1
14095,1746,0.015483,0.038786,-0.018328,-0.865709,-0.04902,0.498139,0.274019,-0.879234,0.389691,0.418879,0.473859,0.774594,0.000106,0.000963,0.000808,-0.000007,0.00002,-0.00001,0.523385,0.067641,0.056332,-0.032604,0.383719,0.179865,-0.905763,0.512814,-0.85721,0.047026,-0.767971,-0.482534,-0.421166,-0.005965,-0.001098,-0.000038,0.069902,-0.114785,-0.384758,-0.81141,1
14096,1747,0.015496,0.038786,-0.018297,-0.865692,-0.049016,0.49817,0.274086,-0.879171,0.389787,0.418871,0.473977,0.774527,0.000143,0.001307,0.001098,0.001446,-0.016983,0.023239,0.523385,0.067609,0.056298,-0.032625,0.382461,0.182478,-0.905773,0.517188,-0.854623,0.046208,-0.765662,-0.486128,-0.421236,-0.000588,-0.0023,-0.000806,0.032199,-0.050488,-0.210521,-0.81141,1
14097,1748,0.015509,0.038753,-0.018248,-0.86553,-0.049131,0.498441,0.274442,-0.879002,0.389918,0.418974,0.474279,0.774286,-0.000006,-0.000029,-0.000025,-0.000009,0.000008,-0.000003,0.523385,0.067389,0.056462,-0.032658,0.385021,0.181425,-0.904899,0.516724,-0.854778,0.048481,-0.764692,-0.48625,-0.422854,-0.009872,0.0058,0.00274,-0.000806,-0.047614,-0.024833,-0.81141,1
14098,1749,0.015514,0.038691,-0.018223,-0.863999,-0.049577,0.501045,0.275775,-0.87919,0.388551,0.421251,0.473884,0.773292,-0.000008,-0.000063,-0.000053,-0.000808,-0.001992,0.001505,0.523385,0.067084,0.056733,-0.032545,0.392413,0.173883,-0.903203,0.510341,-0.858112,0.056525,-0.76522,-0.483123,-0.425474,-0.009484,0.007221,0.003235,-0.065172,-0.105226,-0.409673,-0.807655,1
14099,1750,0.015504,0.038652,-0.018204,-0.863984,-0.049587,0.50107,0.275888,-0.879085,0.388709,0.421209,0.474078,0.773196,-0.000004,-0.000019,-0.000016,-0.000117,-0.000271,0.000193,0.523385,0.066925,0.056859,-0.032489,0.396332,0.169575,-0.90231,0.506047,-0.860375,0.060583,-0.766052,-0.480623,-0.426807,-0.004219,0.005594,0.002316,-0.029482,-0.084772,-0.409674,-0.808308,1
14100,1751,0.015505,0.038562,-0.018164,-0.863811,-0.049705,0.501356,0.276321,-0.878838,0.388958,0.421278,0.474522,0.772885,0.000106,-0.005952,0.003567,-0.036089,0.014955,-0.015691,0.523385,0.066634,0.057123,-0.032457,0.401561,0.165904,-0.900679,0.50557,-0.860182,0.06696,-0.76364,-0.482246,-0.429293,-0.009989,0.005165,0.00251,-0.111761,-0.035148,-0.047322,-0.811083,1
14101,1752,0.015542,0.038474,-0.018098,-0.863672,-0.049755,0.501591,0.27672,-0.87855,0.389326,0.421302,0.47505,0.772547,0.00669,-0.006085,0.003073,-0.034049,-0.000254,0.013545,0.523385,0.066238,0.057475,-0.032451,0.404873,0.164769,-0.899404,0.503987,-0.860938,0.069151,-0.762937,-0.481286,-0.431612,-0.009704,0.006157,0.002858,-0.117439,-0.053616,-0.172984,-0.814675,1
