,r1,r2,r3,r4,r5,r6,r7,r8,r9,r10,r11,r12,r13,r14,r15,r16,r17,r18,status
0,0.259018,-0.764703,0.590031,0.354911,0.643497,0.678195,-0.898302,0.033744,0.438079,0.214494,0.407039,-0.887868,0.120994,0.890951,0.437683,0.969201,-0.201307,0.141855,1.0
1,0.263115,-0.761382,0.592509,0.351567,0.647588,0.676039,-0.898426,0.030431,0.438067,0.221442,0.396332,-0.891001,0.118678,0.895941,0.428024,0.967924,-0.200525,0.151363,1.0
2,0.272421,-0.755763,0.59549,0.33818,0.654619,0.676097,-0.900788,0.0172,0.433916,0.211823,0.38801,-0.896982,0.087787,0.906545,0.412878,0.973356,-0.166201,0.157964,1.0
3,0.274804,-0.754884,0.595509,0.326786,0.655813,0.680528,-0.904263,0.007592,0.426906,0.193802,0.38481,-0.902419,0.05612,0.914005,0.401802,0.979433,-0.128513,0.15554,1.0
4,0.272378,-0.756015,0.595189,0.325829,0.654503,0.682246,-0.905342,0.008101,0.424604,0.188755,0.38289,-0.904304,0.051696,0.915706,0.398508,0.980662,-0.121969,0.15305,1.0
5,0.272214,-0.756135,0.595112,0.327889,0.654344,0.681411,-0.904647,0.009641,0.42605,0.181067,0.379953,-0.90711,0.047697,0.917878,0.393984,0.982312,-0.114604,0.148075,1.0
6,0.267355,-0.758102,0.594812,0.326023,0.652044,0.684504,-0.906768,0.010917,0.421487,0.173089,0.375638,-0.910458,0.050501,0.919811,0.389097,0.98361,-0.113328,0.140239,1.0
7,0.258371,-0.762354,0.593346,0.3211,0.647051,0.691534,-0.911119,0.011852,0.411971,0.169907,0.375148,-0.91126,0.045075,0.920779,0.387471,0.984428,-0.106909,0.139537,1.0
8,0.256703,-0.763292,0.592864,0.320931,0.645932,0.692657,-0.91165,0.012461,0.410777,0.171334,0.37737,-0.910074,0.044099,0.91987,0.389735,0.984225,-0.106908,0.140964,1.0
9,0.268428,-0.759011,0.593167,0.317419,0.651069,0.689458,-0.9095,0.003213,0.41569,0.179887,0.382905,-0.906103,0.039444,0.917581,0.395586,0.982895,-0.106901,0.149957,1.0
10,0.276199,-0.762585,0.584959,0.317735,0.646863,0.693262,-0.907059,-0.005616,0.420963,0.189766,0.385448,-0.903004,0.040689,0.915839,0.399477,0.980985,-0.112549,0.158112,1.0
11,0.279454,-0.76815,0.576064,0.320975,0.640189,0.697949,-0.904919,-0.010143,0.42546,0.191915,0.384031,-0.903154,0.046363,0.915685,0.399212,0.980315,-0.118488,0.157929,1.0
12,0.286877,-0.780801,0.555023,0.327945,0.624414,0.708914,-0.900085,-0.021354,0.43519,0.201524,0.378652,-0.903332,0.06781,0.914648,0.398522,0.977133,-0.141566,0.158647,1.0
13,0.293417,-0.779302,0.553709,0.332725,0.626239,0.705066,-0.896213,-0.022645,0.443043,0.211785,0.369965,-0.904583,0.076442,0.916473,0.392725,0.974321,-0.152321,0.165814,1.0
14,0.298454,-0.777605,0.553403,0.336031,0.628315,0.701642,-0.893312,-0.023447,0.448823,0.218791,0.364207,-0.905253,0.08019,0.917881,0.388669,0.97247,-0.157629,0.171618,1.0
15,0.307158,-0.772085,0.55636,0.348246,0.635263,0.689321,-0.885651,-0.01798,0.464002,0.231343,0.360419,-0.903646,0.075026,0.919469,0.385937,0.969974,-0.15708,0.185672,1.0
16,0.319135,-0.76578,0.55833,0.355746,0.642853,0.678368,-0.878406,-0.017867,0.47758,0.253339,0.347754,-0.902709,0.089755,0.920676,0.379864,0.963203,-0.177257,0.202031,1.0
17,0.332005,-0.762481,0.555332,0.364391,0.646697,0.670075,-0.870052,-0.02011,0.492548,0.292753,0.326555,-0.898696,0.119682,0.919969,0.373271,0.948667,-0.216835,0.230241,1.0
18,0.332094,-0.762919,0.554677,0.371063,0.646304,0.666784,-0.867193,-0.015615,0.497725,0.306038,0.316961,-0.897705,0.121895,0.922142,0.367144,0.944182,-0.221786,0.243575,1.0
19,0.339994,-0.758009,0.556619,0.376087,0.652083,0.65829,-0.861952,-0.014478,0.506782,0.35206,0.281744,-0.892566,0.160187,0.921412,0.354033,0.922168,-0.267618,0.27926,1.0
20,0.346864,-0.760622,0.54876,0.381708,0.64892,0.658179,-0.856728,-0.018833,0.515423,0.412577,0.217476,-0.88458,0.232499,0.913779,0.333094,0.880751,-0.343091,0.326441,1.0
21,0.350526,-0.766521,0.538122,0.386013,0.641747,0.662686,-0.853302,-0.024566,0.520837,0.46187,0.145042,-0.875007,0.280832,0.911866,0.299388,0.841313,-0.384008,0.380431,1.0
22,0.351204,-0.767282,0.536594,0.38704,0.640816,0.662989,-0.852558,-0.025161,0.522026,0.488993,0.087572,-0.86788,0.346079,0.893812,0.285181,0.800696,-0.439807,0.406761,1.0
23,0.351121,-0.769866,0.532935,0.388081,0.63764,0.665437,-0.852119,-0.026827,0.522659,0.523065,-0.095877,-0.846882,0.558235,0.789388,0.255418,0.64403,-0.60636,0.466423,1.0
24,0.350379,-0.769199,0.534384,0.38801,0.638498,0.664656,-0.852456,-0.025535,0.522173,0.496846,-0.212619,-0.841389,0.661725,0.720088,0.208787,0.561482,-0.660504,0.498468,1.0
25,0.349796,-0.770559,0.532805,0.387685,0.636814,0.666458,-0.852844,-0.026564,0.521489,0.478864,-0.263168,-0.837514,0.707881,0.679996,0.191071,0.519223,-0.684358,0.511917,1.0
26,0.34867,-0.770438,0.533717,0.386996,0.636987,0.666694,-0.853617,-0.02591,0.520255,0.499929,-0.373132,-0.781564,0.781593,0.583115,0.221558,0.373072,-0.721629,0.583153,1.0
27,0.348419,-0.770073,0.534406,0.386692,0.637443,0.666434,-0.853857,-0.025548,0.519879,0.537166,-0.433478,-0.723566,0.786407,0.567559,0.243802,0.304984,-0.69998,0.645764,1.0
28,0.347914,-0.769101,0.536133,0.386079,0.638653,0.66563,-0.85434,-0.024592,0.51913,0.535395,-0.467941,-0.703123,0.802869,0.540421,0.251686,0.262209,-0.699267,0.665034,1.0
29,0.347709,-0.768732,0.536794,0.385884,0.639112,0.665303,-0.854512,-0.024192,0.518867,0.528575,-0.479073,-0.700782,0.812457,0.524745,0.254076,0.246012,-0.703654,0.666594,1.0
30,0.347457,-0.768434,0.537384,0.385667,0.639484,0.665071,-0.854712,-0.023832,0.518553,0.521843,-0.445876,-0.727236,0.800803,0.549807,0.237541,0.293926,-0.706332,0.643972,1.0
31,0.347131,-0.767932,0.538312,0.385362,0.640108,0.664648,-0.854982,-0.023275,0.518134,0.50794,-0.421827,-0.751037,0.801704,0.550408,0.233065,0.315065,-0.720494,0.617755,1.0
32,0.346991,-0.767699,0.538734,0.385188,0.640395,0.664472,-0.855117,-0.023052,0.51792,0.508647,-0.419281,-0.751985,0.802699,0.546804,0.238071,0.31137,-0.724712,0.614686,1.0
33,0.346719,-0.767141,0.539703,0.384737,0.641079,0.664074,-0.855431,-0.022603,0.517422,0.509708,-0.40517,-0.758969,0.791637,0.566322,0.229321,0.336907,-0.717715,0.609407,1.0
34,0.346484,-0.766507,0.540753,0.384395,0.641856,0.663521,-0.85568,-0.022037,0.517035,0.533306,-0.366125,-0.762585,0.756113,0.610541,0.235652,0.379312,-0.702275,0.602437,1.0
35,0.346407,-0.766258,0.541156,0.384302,0.642162,0.663278,-0.855753,-0.021797,0.516924,0.543956,-0.361574,-0.757215,0.749646,0.61485,0.244926,0.377015,-0.700872,0.605504,1.0
36,0.346271,-0.765919,0.541723,0.384128,0.642578,0.662977,-0.855885,-0.021479,0.516718,0.556153,-0.346173,-0.75555,0.730815,0.636598,0.246274,0.395728,-0.689134,0.607035,1.0
37,0.346025,-0.765365,0.542661,0.383885,0.643256,0.66246,-0.856094,-0.020908,0.516395,0.588052,-0.249811,-0.769277,0.642711,0.72174,0.256929,0.491034,-0.645511,0.584977,1.0
38,0.345877,-0.765135,0.543081,0.383759,0.643538,0.662259,-0.856211,-0.020648,0.516213,0.599074,-0.146905,-0.787101,0.577279,0.760443,0.297446,0.554849,-0.632569,0.540367,1.0
39,0.345765,-0.764975,0.543377,0.383657,0.643734,0.662128,-0.856302,-0.020471,0.516069,0.595116,-0.123828,-0.794042,0.572383,0.758865,0.310645,0.564104,-0.639366,0.52249,1.0
40,0.343537,-0.765862,0.54354,0.382447,0.642687,0.663842,-0.857738,-0.020179,0.513689,0.592794,-0.027862,-0.804871,0.475877,0.818386,0.322157,0.649719,-0.573992,0.498393,1.0
41,0.343523,-0.765987,0.543373,0.382597,0.642538,0.6639,-0.857677,-0.020172,0.513791,0.55692,0.092783,-0.825366,0.340323,0.880996,0.328671,0.75764,-0.463935,0.459068,1.0
42,0.343446,-0.765919,0.543518,0.38253,0.642623,0.663857,-0.857738,-0.020087,0.513693,0.537945,0.115195,-0.835071,0.321174,0.887894,0.329379,0.779398,-0.445391,0.44064,1.0
43,0.343158,-0.765482,0.544315,0.382248,0.643157,0.663501,-0.857979,-0.019622,0.513309,0.51914,0.108707,-0.847747,0.337661,0.885104,0.320273,0.78516,-0.452518,0.422787,1.0
44,0.347754,-0.762957,0.544943,0.378577,0.645995,0.662849,-0.857756,-0.024205,0.513485,0.485484,0.089088,-0.869694,0.356908,0.887922,0.29019,0.798073,-0.451284,0.399276,1.0
45,0.349641,-0.761568,0.545677,0.379355,0.647638,0.660798,-0.856645,-0.024036,0.515346,0.432121,0.104479,-0.895742,0.338151,0.902023,0.268342,0.836016,-0.418853,0.354453,1.0
46,0.349548,-0.761538,0.545779,0.379246,0.647675,0.660824,-0.856731,-0.024005,0.515204,0.409007,0.112791,-0.905532,0.337565,0.903237,0.264975,0.847798,-0.414053,0.331356,1.0
47,0.34944,-0.76133,0.546139,0.379123,0.647927,0.660648,-0.856829,-0.023802,0.515049,0.367632,0.10712,-0.923781,0.35537,0.901775,0.245993,0.859394,-0.418718,0.293454,1.0
48,0.349225,-0.760829,0.546974,0.378779,0.64853,0.660254,-0.857069,-0.023395,0.514668,0.321186,0.072155,-0.944262,0.372128,0.907271,0.195906,0.870838,-0.414309,0.264551,1.0
49,0.349186,-0.760745,0.547115,0.378726,0.648631,0.660185,-0.857108,-0.023321,0.514607,0.299406,0.066002,-0.951839,0.362255,0.915041,0.177399,0.882681,-0.397922,0.250059,1.0
50,0.35369,-0.758146,0.54783,0.375105,0.651494,0.659432,-0.856854,-0.027741,0.514811,0.246145,0.070811,-0.966642,0.35677,0.920684,0.158292,0.901181,-0.383831,0.201358,1.0
51,0.357951,-0.755525,0.548682,0.371502,0.654341,0.658652,-0.856654,-0.031929,0.514901,0.193576,0.061842,-0.979134,0.366302,0.921283,0.130607,0.910137,-0.383942,0.155686,1.0
52,0.362791,-0.752206,0.550061,0.367186,0.657912,0.657514,-0.856478,-0.036566,0.514884,0.136414,0.046784,-0.989546,0.363055,0.927026,0.093877,0.921727,-0.372066,0.109474,1.0
53,0.362711,-0.752052,0.550325,0.367076,0.658095,0.657392,-0.85656,-0.036432,0.514758,0.110184,0.040856,-0.993071,0.366131,0.927223,0.078771,0.924017,-0.372273,0.087206,1.0
54,0.362554,-0.751706,0.5509,0.366758,0.658502,0.657162,-0.856763,-0.036209,0.514437,0.044244,0.00819,-0.998986,0.372933,0.927544,0.024121,0.926801,-0.373623,0.037984,1.0
55,0.362353,-0.751226,0.551687,0.366532,0.659076,0.656714,-0.856944,-0.035751,0.514167,-0.007209,-0.032046,-0.999459,0.379954,0.924438,-0.032381,0.924976,-0.379983,0.005512,1.0
56,0.362282,-0.751045,0.551979,0.366436,0.659289,0.656553,-0.857015,-0.035592,0.514058,-0.024861,-0.045308,-0.998663,0.379634,0.923709,-0.051359,0.924802,-0.380404,-0.005764,1.0
57,0.362202,-0.750852,0.552295,0.366059,0.659508,0.656543,-0.85721,-0.035629,0.513732,-0.077553,-0.084903,-0.993366,0.377802,0.919555,-0.10809,0.922632,-0.383679,-0.039238,1.0
58,0.364208,-0.749416,0.552926,0.366669,0.661138,0.654561,-0.856099,-0.035655,0.515579,-0.124079,-0.124834,-0.984388,0.384071,0.908685,-0.163645,0.914928,-0.398379,-0.064803,1.0
59,0.364071,-0.74944,0.552984,0.366269,0.6611,0.654822,-0.856328,-0.035861,0.515184,-0.142734,-0.139938,-0.979818,0.392171,0.900932,-0.185801,0.908751,-0.410776,-0.073714,1.0
60,0.366151,-0.748201,0.553288,0.367081,0.662495,0.652955,-0.855092,-0.035979,0.517224,-0.184461,-0.165979,-0.968722,0.415956,0.87983,-0.229954,0.890479,-0.445364,-0.093255,1.0
61,0.365978,-0.748064,0.553587,0.366792,0.662652,0.652958,-0.85529,-0.035917,0.516901,-0.248604,-0.211783,-0.945168,0.436824,0.846422,-0.304554,0.864511,-0.488586,-0.117912,1.0
62,0.365782,-0.747521,0.55445,0.366408,0.663286,0.65253,-0.855539,-0.035528,0.516516,-0.297037,-0.233897,-0.925775,0.457268,0.81629,-0.352951,0.838255,-0.528168,-0.135515,1.0
63,0.365723,-0.747343,0.554729,0.366291,0.663494,0.652384,-0.855614,-0.035399,0.5164,-0.314963,-0.237508,-0.918905,0.461294,0.807826,-0.366911,0.829461,-0.539448,-0.144875,1.0
64,0.365611,-0.747004,0.555259,0.366024,0.663887,0.652135,-0.855777,-0.03519,0.516145,-0.355819,-0.243062,-0.902392,0.477053,0.783068,-0.399027,0.803624,-0.572471,-0.162677,1.0
65,0.365482,-0.746701,0.555751,0.365667,0.664234,0.651982,-0.855985,-0.035068,0.515809,-0.403858,-0.25453,-0.878699,0.498937,0.743801,-0.444771,0.766785,-0.61804,-0.173395,1.0
66,0.365379,-0.746538,0.556038,0.365243,0.664413,0.652036,-0.856209,-0.035151,0.51543,-0.412582,-0.286366,-0.864736,0.50681,0.716642,-0.479131,0.756913,-0.635938,-0.150541,1.0
67,0.365402,-0.746607,0.55593,0.365199,0.664329,0.652147,-0.856219,-0.03527,0.515407,-0.414803,-0.302788,-0.858053,0.514928,0.699364,-0.495719,0.75019,-0.647462,-0.134184,1.0
68,-0.170332,0.668224,0.724197,0.068768,-0.725084,0.685217,0.982983,0.166516,0.077552,0.112181,-0.541664,-0.833075,-0.025803,-0.839672,0.542479,-0.993352,-0.03936,-0.108173,1.0
69,-0.169472,0.666622,0.725874,0.069928,-0.726538,0.683557,0.98305,0.166602,0.076512,0.112422,-0.54134,-0.833253,-0.025781,-0.839876,0.542164,-0.993325,-0.039469,-0.108377,1.0
70,-0.168523,0.665351,0.727259,0.071214,-0.727665,0.682224,0.983121,0.166761,0.075246,0.11221,-0.541802,-0.832982,-0.025778,-0.839581,0.542621,-0.993349,-0.039415,-0.108176,1.0
71,-0.167363,0.664499,0.728306,0.072681,-0.728399,0.681286,0.983212,0.166956,0.073611,0.115598,-0.54054,-0.833338,-0.014373,-0.839785,0.542728,-0.993191,-0.05076,-0.104847,1.0
72,-0.167018,0.664873,0.728043,0.073257,-0.728006,0.681644,0.983227,0.167182,0.072883,0.115357,-0.541806,-0.832549,-0.007617,-0.838602,0.54469,-0.993294,-0.056492,-0.100865,1.0
73,-0.166577,0.666291,0.726847,0.074044,-0.726613,0.683045,0.983243,0.167598,0.071702,0.111321,-0.545259,-0.830843,-0.005496,-0.836364,0.548145,-0.993768,-0.056454,-0.096101,1.0
74,-0.169813,0.66467,0.727582,0.080323,-0.726513,0.682441,0.982196,0.174329,0.069983,0.105692,-0.545581,-0.831366,-0.002338,-0.836183,0.548444,-0.994395,-0.056022,-0.089654,1.0
75,-0.176773,0.661607,0.728716,0.090039,-0.726401,0.681347,0.980124,0.186057,0.068838,0.10259,-0.546896,-0.83089,-0.00059,-0.835331,0.549746,-0.994723,-0.055908,-0.08602,1.0
76,-0.190676,0.656566,0.729769,0.107629,-0.724944,0.680347,0.975734,0.20827,0.067563,0.09726,-0.546726,-0.831643,0.002694,-0.835457,0.549548,-0.995255,-0.055689,-0.079783,1.0
77,-0.204138,0.650359,0.731683,0.124335,-0.724145,0.678347,0.971014,0.22945,0.066963,0.093297,-0.550685,-0.829482,0.004433,-0.832878,0.553438,-0.995628,-0.055311,-0.075264,1.0
78,-0.218403,0.645069,0.732247,0.140414,-0.72178,0.677729,0.965703,0.250836,0.067062,0.087969,-0.554977,-0.827201,0.006864,-0.830062,0.557627,-0.996099,-0.054732,-0.06921,1.0
79,-0.223355,0.642879,0.732679,0.146361,-0.721026,0.677273,0.963685,0.258508,0.066952,0.08499,-0.557502,-0.825813,0.008071,-0.828399,0.560079,-0.996348,-0.054266,-0.065906,1.0
80,-0.237217,0.636792,0.733637,0.162395,-0.718572,0.676225,0.957786,0.279551,0.067045,0.07494,-0.560046,-0.825064,0.005991,-0.827123,0.561988,-0.997169,-0.047059,-0.05863,1.0
81,-0.254057,0.628824,0.73487,0.181638,-0.71526,0.67484,0.94998,0.304928,0.067498,0.056654,-0.560272,-0.826368,-0.011138,-0.828001,0.560615,-0.998331,-0.022557,-0.05315,1.0
82,-0.263201,0.62434,0.735475,0.192167,-0.71315,0.674157,0.945408,0.318773,0.067724,0.053648,-0.560227,-0.826599,-0.010408,-0.82806,0.560542,-0.998505,-0.021469,-0.050255,1.0
83,-0.279366,0.615687,0.736806,0.210876,-0.709282,0.672643,0.936741,0.343289,0.068315,0.04961,-0.559958,-0.827033,-0.008639,-0.828262,0.560272,-0.99873,-0.020651,-0.045928,1.0
84,-0.292781,0.610261,0.736111,0.223689,-0.704769,0.673247,0.929645,0.361774,0.069834,0.048143,-0.560091,-0.82703,-0.008109,-0.828182,0.560399,-0.998806,-0.020273,-0.044413,1.0
85,-0.297651,0.609174,0.735057,0.227142,-0.702655,0.6743,0.927258,0.367668,0.070777,0.045419,-0.559342,-0.827691,-0.006631,-0.828696,0.559658,-0.998945,-0.019931,-0.041348,1.0
86,-0.319254,0.606267,0.728365,0.241065,-0.69135,0.681118,0.916495,0.393033,0.074566,0.045538,-0.559556,-0.82754,-0.006851,-0.828554,0.559865,-0.998938,-0.019825,-0.041565,1.0
87,-0.335262,0.609358,0.718527,0.243522,-0.680697,0.690903,0.910107,0.406611,0.07982,0.045522,-0.559642,-0.827482,-0.006833,-0.828496,0.559952,-0.998939,-0.019836,-0.041539,1.0
88,-0.339497,0.612974,0.713445,0.240382,-0.676766,0.695847,0.909371,0.407738,0.082412,0.045557,-0.559582,-0.827521,-0.006821,-0.828536,0.559893,-0.998938,-0.019862,-0.041563,1.0
89,-0.360581,0.614513,0.701679,0.238162,-0.66669,0.706258,0.901808,0.421778,0.094042,0.045698,-0.559367,-0.827659,-0.006769,-0.828678,0.559683,-0.998932,-0.019974,-0.041655,1.0
90,-0.378872,0.614569,0.691925,0.22655,-0.663324,0.713215,0.89729,0.426973,0.112084,0.045749,-0.559288,-0.827709,-0.006757,-0.828731,0.559605,-0.998929,-0.020008,-0.041694,1.0
91,-0.395682,0.606933,0.68925,0.219782,-0.666113,0.712732,0.8917,0.433501,0.130176,0.04586,-0.5592,-0.827763,-0.006653,-0.828787,0.559523,-0.998925,-0.020153,-0.041728,1.0
92,-0.408024,0.598261,0.689636,0.220885,-0.668246,0.710391,0.885847,0.442187,0.140514,0.045934,-0.559139,-0.8278,-0.006574,-0.828825,0.559467,-0.998922,-0.020256,-0.041747,1.0
93,-0.424364,0.585884,0.690401,0.215906,-0.674998,0.705521,0.879373,0.44846,0.159949,0.045966,-0.559104,-0.827822,-0.006544,-0.828848,0.559434,-0.998921,-0.020297,-0.041758,1.0
94,-0.44111,0.572774,0.690905,0.2108,-0.682186,0.700132,0.872343,0.454479,0.180178,0.045794,-0.559384,-0.827642,-0.006597,-0.828663,0.559708,-0.998928,-0.020171,-0.041639,1.0
95,-0.457898,0.55944,0.690909,0.205803,-0.689353,0.694576,0.864854,0.460237,0.200519,0.04581,-0.559448,-0.827598,-0.006509,-0.828617,0.559776,-0.998928,-0.020257,-0.041601,1.0
96,-0.465737,0.553046,0.690817,0.203631,-0.692724,0.691857,0.861175,0.462895,0.21001,0.045873,-0.559359,-0.827655,-0.006475,-0.828676,0.55969,-0.998925,-0.020316,-0.041636,1.0
97,-0.48259,0.539308,0.690111,0.203889,-0.697113,0.687358,0.851783,0.472418,0.226461,0.043148,-0.558483,-0.828393,-0.004968,-0.829274,0.558818,-0.999056,-0.019996,-0.038556,1.0
98,-0.491049,0.531818,0.689956,0.20154,-0.701179,0.683907,0.847497,0.474886,0.23713,0.04348,-0.5584,-0.828431,-0.005159,-0.82933,0.558735,-0.99904,-0.02002,-0.038941,1.0
99,-0.493011,0.529657,0.690219,0.201146,-0.702449,0.682718,0.846451,0.475423,0.239776,0.043528,-0.558319,-0.828483,-0.00518,-0.829384,0.558654,-0.999038,-0.020026,-0.038994,1.0
100,-0.491878,0.5292,0.691377,0.20208,-0.703004,0.68187,0.846887,0.475111,0.238851,0.043677,-0.558116,-0.828612,-0.005113,-0.829518,0.558456,-0.999032,-0.020155,-0.039085,1.0
101,-0.498586,0.520393,0.693254,0.210996,-0.702839,0.679335,0.840768,0.484982,0.240625,0.041292,-0.556921,-0.829537,-0.003467,-0.83032,0.557274,-0.99914,-0.020135,-0.036217,1.0
102,-0.50092,0.517213,0.693952,0.215766,-0.701857,0.678852,0.838166,0.489782,0.239977,0.033561,-0.554789,-0.831313,-0.005349,-0.831869,0.554944,-0.999421,-0.014178,-0.030886,1.0
103,-0.50804,0.50831,0.695353,0.224545,-0.701222,0.676657,0.831549,0.499907,0.242111,0.008922,-0.542269,-0.840157,-0.008535,-0.840201,0.542207,-0.999923,0.002333,-0.012125,1.0
104,-0.512144,0.501643,0.697182,0.22453,-0.705294,0.672417,0.829032,0.500913,0.248578,-0.013189,-0.527934,-0.849182,-0.023484,-0.848858,0.528098,-0.999637,0.026907,-0.001202,1.0
105,-0.516908,0.495071,0.698362,0.22393,-0.709199,0.668499,0.826233,0.501937,0.25573,-0.035598,-0.520822,-0.852922,-0.042878,-0.851881,0.521976,-0.998445,0.055153,0.007993,1.0
106,-0.518555,0.492596,0.698892,0.223823,-0.710673,0.666968,0.825229,0.502287,0.258269,-0.046475,-0.516858,-0.854808,-0.050154,-0.853446,0.518762,-0.997659,0.066981,0.013741,1.0
107,-0.521248,0.488451,0.699796,0.22356,-0.713214,0.664338,0.823601,0.502732,0.262563,-0.071221,-0.506277,-0.859425,-0.061906,-0.857708,0.510396,-0.995537,0.089555,0.029745,1.0
108,-0.522405,0.486134,0.700546,0.223609,-0.714711,0.662711,0.822855,0.502853,0.264665,-0.082865,-0.501156,-0.86138,-0.074487,-0.85882,0.506832,-0.993773,0.10616,0.033837,1.0
109,-0.520621,0.485079,0.702603,0.225294,-0.715705,0.661065,0.823526,0.502457,0.263326,-0.084791,-0.499432,-0.862193,-0.073132,-0.859856,0.50527,-0.993711,0.105897,0.036384,1.0
110,-0.52031,0.484969,0.702909,0.225603,-0.715799,0.660858,0.823638,0.50243,0.263027,-0.103978,-0.492889,-0.863856,-0.07688,-0.861982,0.501074,-0.991603,0.118515,0.051734,1.0
111,-0.518183,0.483574,0.705437,0.227631,-0.717084,0.658766,0.82442,0.501941,0.261504,-0.120317,-0.48388,-0.866823,-0.075615,-0.866163,0.494007,-0.989851,0.124982,0.067625,1.0
112,-0.518083,0.48354,0.705533,0.227676,-0.717145,0.658684,0.82447,0.501887,0.26145,-0.135555,-0.478458,-0.867583,-0.076051,-0.868058,0.490602,-0.987846,0.132484,0.081282,1.0
113,-0.516292,0.482325,0.707675,0.229385,-0.718251,0.656883,0.82512,0.501474,0.260189,-0.143939,-0.474101,-0.868625,-0.079046,-0.869452,0.487651,-0.986424,0.138854,0.087672,1.0
114,-0.513036,0.480099,0.711546,0.232532,-0.720222,0.653612,0.82627,0.500783,0.257862,-0.155662,-0.467635,-0.870107,-0.081258,-0.871797,0.483081,-0.984462,0.145901,0.097706,1.0
115,-0.509726,0.47784,0.715435,0.235738,-0.722176,0.650298,0.827409,0.50013,0.255467,-0.163571,-0.46333,-0.870959,-0.08612,-0.872773,0.480469,-0.982765,0.153598,0.102858,1.0
116,-0.51256,0.474875,0.715384,0.239998,-0.720711,0.650365,0.824428,0.505042,0.255438,-0.170449,-0.459732,-0.871546,-0.08434,-0.874436,0.477751,-0.98175,0.154939,0.110273,1.0
117,-0.513686,0.470754,0.717297,0.245866,-0.720203,0.648735,0.821994,0.509605,0.254216,-0.184423,-0.446184,-0.875731,-0.087003,-0.880106,0.466735,-0.978988,0.162268,0.123492,1.0
118,-0.513523,0.470658,0.717477,0.245964,-0.720319,0.648568,0.822067,0.509529,0.254135,-0.19758,-0.438209,-0.876888,-0.084211,-0.883628,0.460552,-0.976662,0.16484,0.137685,1.0
119,-0.513275,0.470503,0.717756,0.246054,-0.720543,0.648285,0.822195,0.509356,0.254068,-0.210362,-0.42997,-0.877994,-0.086973,-0.886298,0.454874,-0.973746,0.17205,0.149047,1.0
120,-0.511203,0.469131,0.72013,0.247886,-0.7218,0.646186,0.822935,0.508842,0.252695,-0.217161,-0.425127,-0.878696,-0.090633,-0.887508,0.45179,-0.971918,0.177751,0.154201,1.0
121,-0.511218,0.469122,0.720125,0.247708,-0.721909,0.646132,0.82298,0.508695,0.252848,-0.232391,-0.416729,-0.878823,-0.102384,-0.888059,0.448182,-0.967218,0.194131,0.163711,1.0
122,-0.511099,0.469054,0.720253,0.24782,-0.721967,0.646025,0.82302,0.508676,0.252755,-0.243016,-0.408501,-0.879812,-0.110652,-0.889407,0.443519,-0.96369,0.205135,0.170939,1.0
123,-0.510955,0.468973,0.720408,0.247951,-0.722038,0.645895,0.823069,0.508649,0.252647,-0.248658,-0.407276,-0.878802,-0.114125,-0.88866,0.444136,-0.961843,0.210732,0.174492,1.0
124,-0.509067,0.467735,0.722547,0.249739,-0.723083,0.644034,0.823699,0.508305,0.251286,-0.258151,-0.411128,-0.87426,-0.111099,-0.886297,0.449593,-0.959694,0.213193,0.183123,1.0
125,-0.509096,0.467759,0.72251,0.24971,-0.723062,0.644068,0.823689,0.508311,0.251304,-0.258779,-0.4127,-0.873333,-0.110838,-0.885472,0.451278,-0.959555,0.213581,0.183399,1.0
126,-0.508939,0.467667,0.722681,0.249832,-0.723156,0.643916,0.82375,0.508263,0.251204,-0.258761,-0.412844,-0.873271,-0.110681,-0.885435,0.451391,-0.959579,0.213457,0.183422,1.0
127,-0.508871,0.467626,0.722755,0.249885,-0.723197,0.643849,0.823775,0.508242,0.251161,-0.258374,-0.412426,-0.873582,-0.110681,-0.885695,0.450879,-0.959683,0.213185,0.183193,1.0
128,-0.508776,0.46757,0.722858,0.249959,-0.723254,0.643757,0.823811,0.508213,0.251101,-0.259198,-0.413891,-0.872645,-0.110091,-0.884973,0.452438,-0.959529,0.213342,0.183818,1.0
129,-0.508614,0.467471,0.723036,0.250087,-0.723352,0.643597,0.823873,0.508165,0.250998,-0.258851,-0.413427,-0.872968,-0.110243,-0.88522,0.451918,-0.959605,0.213218,0.183563,1.0
130,-0.511416,0.46453,0.722955,0.254357,-0.72177,0.6437,0.820825,0.513088,0.250969,-0.261106,-0.411304,-0.873299,-0.1095,-0.886223,0.45013,-0.959079,0.213158,0.186361,1.0
131,-0.512466,0.46044,0.724825,0.260276,-0.721093,0.64209,0.818311,0.517705,0.249695,-0.26462,-0.408603,-0.87351,-0.108525,-0.887427,0.447989,-0.958226,0.213345,0.190487,1.0
132,-0.512494,0.460475,0.724784,0.260302,-0.721031,0.642149,0.818286,0.517761,0.249661,-0.270367,-0.404713,-0.87356,-0.106979,-0.889104,0.445025,-0.956795,0.213773,0.197088,1.0
133,-0.512463,0.460469,0.724809,0.26036,-0.721017,0.642142,0.818287,0.517786,0.249607,-0.272776,-0.403191,-0.873516,-0.106528,-0.889706,0.44393,-0.956161,0.214147,0.199739,1.0
134,-0.512526,0.460519,0.724734,0.260343,-0.720948,0.642226,0.818253,0.517837,0.249612,-0.274014,-0.400157,-0.874523,-0.106822,-0.891036,0.441183,-0.955774,0.214309,0.201411,1.0
135,-0.515227,0.457514,0.724721,0.264621,-0.71936,0.642257,0.815178,0.522685,0.249566,-0.277059,-0.395261,-0.875788,-0.105537,-0.893436,0.436613,-0.955038,0.213396,0.20582,1.0
136,-0.515118,0.457456,0.724835,0.2647,-0.719423,0.642154,0.815221,0.52265,0.249499,-0.287654,-0.381798,-0.878342,-0.113396,-0.897075,0.427078,-0.950997,0.222452,0.214753,1.0
137,-0.515101,0.457445,0.724854,0.264691,-0.719448,0.64213,0.815234,0.522625,0.249507,-0.295937,-0.373629,-0.879102,-0.122444,-0.897896,0.422835,-0.947326,0.232774,0.219972,1.0
138,-0.513237,0.456253,0.726926,0.266387,-0.720471,0.64028,0.815858,0.522259,0.248232,-0.31425,-0.352126,-0.88162,-0.151681,-0.898112,0.412779,-0.937144,0.263441,0.228821,1.0
139,-0.516053,0.453326,0.726762,0.270575,-0.71875,0.640457,0.812697,0.527154,0.248255,-0.32324,-0.343142,-0.881912,-0.159678,-0.898801,0.408239,-0.932748,0.272781,0.235736,1.0
140,-0.515997,0.453313,0.726809,0.270709,-0.718707,0.640449,0.812688,0.527225,0.248135,-0.32827,-0.333341,-0.88381,-0.175679,-0.89779,0.403866,-0.928102,0.287845,0.236156,1.0
141,-0.516001,0.453322,0.726801,0.270743,-0.718674,0.640471,0.812674,0.527261,0.248103,-0.331821,-0.328548,-0.884279,-0.186457,-0.896053,0.40289,-0.924731,0.298568,0.236069,1.0
142,-0.516073,0.453369,0.726722,0.270682,-0.718632,0.640544,0.812649,0.527279,0.248147,-0.343095,-0.314813,-0.884973,-0.212152,-0.891844,0.399506,-0.915028,0.324817,0.239199,1.0
143,-0.514305,0.45225,0.728669,0.272294,-0.719578,0.638797,0.813231,0.526949,0.246938,-0.354035,-0.301506,-0.885297,-0.231571,-0.888869,0.395329,-0.906108,0.344971,0.244871,1.0
144,-0.514327,0.452262,0.728647,0.272255,-0.719581,0.63881,0.81323,0.526936,0.246969,-0.359023,-0.295824,-0.885206,-0.235743,-0.888945,0.392686,-0.903065,0.349664,0.249413,1.0
145,-0.512451,0.451079,0.730698,0.273968,-0.720568,0.636963,0.813839,0.526601,0.245675,-0.374564,-0.276155,-0.885121,-0.257469,-0.886095,0.385414,-0.890736,0.372254,0.260798,1.0
146,-0.5152,0.448141,0.730573,0.278201,-0.718811,0.637113,0.810661,0.531488,0.245658,-0.385946,-0.26219,-0.884478,-0.26663,-0.886141,0.379028,-0.883149,0.382113,0.272094,1.0
147,-0.515231,0.448164,0.730537,0.278194,-0.718778,0.637154,0.810644,0.531513,0.245661,-0.390358,-0.254896,-0.884674,-0.276643,-0.884028,0.376777,-0.878116,0.391817,0.274572,1.0
148,-0.515151,0.448123,0.730619,0.278251,-0.718822,0.637079,0.810675,0.531488,0.245611,-0.40155,-0.23713,-0.884605,-0.295594,-0.880647,0.370248,-0.866822,0.410157,0.28353,1.0
149,-0.513328,0.44698,0.7326,0.279851,-0.719806,0.635264,0.81128,0.531118,0.244408,-0.420318,-0.210321,-0.882665,-0.32254,-0.874602,0.361991,-0.848116,0.436846,0.299774,1.0
150,-0.51334,0.446988,0.732585,0.279839,-0.719799,0.635277,0.811276,0.53112,0.244417,-0.431421,-0.198117,-0.880128,-0.329828,-0.873412,0.35828,-0.839696,0.44486,0.311463,1.0
151,-0.513366,0.447,0.73256,0.2798,-0.7198,0.635294,0.811274,0.531109,0.24445,-0.435187,-0.198112,-0.878273,-0.328552,-0.873275,0.359783,-0.838251,0.445131,0.314948,1.0
152,-0.513354,0.446997,0.73257,0.279827,-0.719792,0.635291,0.811272,0.531123,0.244426,-0.438181,-0.193848,-0.877735,-0.332944,-0.872016,0.358797,-0.834952,0.449455,0.31756,1.0
153,-0.51595,0.443975,0.732585,0.284121,-0.7181,0.6353,0.808127,0.535926,0.244361,-0.444646,-0.192896,-0.874688,-0.336227,-0.869178,0.362601,-0.830205,0.455323,0.32162,1.0
154,-0.515963,0.443983,0.732571,0.284109,-0.718094,0.635312,0.808123,0.535928,0.24437,-0.448122,-0.19073,-0.873388,-0.340501,-0.866917,0.364022,-0.826585,0.460517,0.323541,1.0
155,-0.515947,0.443977,0.732585,0.284117,-0.718103,0.635298,0.80813,0.535921,0.244362,-0.456673,-0.18175,-0.87087,-0.348306,-0.864236,0.363012,-0.818615,0.469108,0.331369,1.0
156,-0.515928,0.443962,0.732608,0.284091,-0.718144,0.635264,0.808152,0.535878,0.244385,-0.470821,-0.173321,-0.865035,-0.348472,-0.864245,0.362829,-0.810489,0.472268,0.346508,1.0
157,-0.515897,0.443944,0.732641,0.284093,-0.718177,0.635226,0.80817,0.53585,0.244384,-0.481157,-0.164545,-0.861053,-0.354356,-0.861896,0.36272,-0.801822,0.479644,0.356399,1.0
158,-0.515788,0.443885,0.732754,0.284175,-0.718236,0.635122,0.808211,0.535819,0.244316,-0.484399,-0.164193,-0.8593,-0.352713,-0.862208,0.363578,-0.800593,0.479203,0.35974,1.0
159,-0.515705,0.443841,0.732838,0.284237,-0.718281,0.635044,0.808243,0.535796,0.244265,-0.489425,-0.164454,-0.856397,-0.351075,-0.861797,0.366128,-0.798253,0.479852,0.36405,1.0
160,-0.515661,0.443814,0.732886,0.284251,-0.71832,0.634993,0.808266,0.535765,0.244255,-0.505066,-0.158947,-0.848318,-0.351094,-0.860057,0.370179,-0.788442,0.484805,0.37858,1.0
161,-0.515649,0.443811,0.732896,0.284279,-0.718311,0.63499,0.808264,0.535779,0.244231,-0.518683,-0.146965,-0.842239,-0.356393,-0.858278,0.369244,-0.777142,0.491689,0.392797,1.0
162,-0.515662,0.443819,0.732882,0.284268,-0.718304,0.635004,0.808259,0.535783,0.244239,-0.526345,-0.141325,-0.838443,-0.362131,-0.854924,0.371436,-0.769299,0.49913,0.398808,1.0
163,-0.51569,0.443834,0.732853,0.284247,-0.718289,0.635031,0.808249,0.535791,0.244256,-0.535429,-0.130066,-0.834504,-0.37028,-0.851898,0.370353,-0.759083,0.507298,0.40797,1.0
164,-0.515704,0.44384,0.73284,0.284216,-0.718297,0.635036,0.808251,0.535776,0.244282,-0.544667,-0.118215,-0.830278,-0.37196,-0.853263,0.365496,-0.751653,0.507904,0.420772,1.0
165,-0.515705,0.443842,0.732838,0.284214,-0.718295,0.635038,0.80825,0.535776,0.244282,-0.545243,-0.11293,-0.830635,-0.375313,-0.853136,0.36235,-0.749565,0.509318,0.422783,1.0
166,-0.518407,0.440874,0.732723,0.288404,-0.71651,0.635166,0.805032,0.540595,0.244293,-0.54478,-0.110758,-0.831232,-0.377005,-0.853067,0.360753,-0.749053,0.50991,0.422977,1.0
167,-0.518448,0.4409,0.732679,0.288367,-0.716488,0.635207,0.805018,0.540603,0.244321,-0.544291,-0.110445,-0.831594,-0.377281,-0.853159,0.360245,-0.74927,0.509823,0.422698,1.0
168,-0.521148,0.437931,0.732544,0.292534,-0.714664,0.635357,0.801765,0.545409,0.244336,-0.544536,-0.106695,-0.831923,-0.382406,-0.851202,0.359472,-0.746488,0.513878,0.422709,1.0
169,-0.523857,0.434956,0.732384,0.296662,-0.712809,0.635526,0.798476,0.550196,0.244375,-0.546686,-0.104207,-0.830827,-0.38675,-0.848621,0.360921,-0.742669,0.518634,0.423627,1.0
170,-0.522106,0.433907,0.734254,0.298153,-0.713733,0.633789,0.799067,0.549826,0.243273,-0.545797,-0.103065,-0.831554,-0.392088,-0.845638,0.362161,-0.74052,0.52371,0.421137,1.0
171,-0.52211,0.433915,0.734246,0.298122,-0.713745,0.633789,0.799076,0.549803,0.243293,-0.543943,-0.097636,-0.833422,-0.398181,-0.844232,0.35878,-0.738632,0.527009,0.420337,1.0
172,-0.522112,0.43392,0.734242,0.298117,-0.713744,0.633794,0.799077,0.549802,0.243295,-0.544037,-0.09771,-0.833352,-0.398111,-0.844222,0.358883,-0.738601,0.527012,0.420388,1.0
173,-0.522175,0.433949,0.73418,0.298006,-0.713757,0.633831,0.799077,0.549761,0.243387,-0.539275,-0.09809,-0.836397,-0.399332,-0.844641,0.356529,-0.741428,0.526268,0.416323,1.0
174,-0.522117,0.433917,0.73424,0.298029,-0.713804,0.633768,0.799106,0.549726,0.243369,-0.533464,-0.100742,-0.839801,-0.400907,-0.844148,0.35593,-0.744774,0.526558,0.409934,1.0
175,-0.522117,0.433917,0.73424,0.298029,-0.713804,0.633767,0.799107,0.549725,0.243369,-0.532271,-0.103579,-0.840213,-0.401056,-0.843195,0.358014,-0.745547,0.527533,0.407267,1.0
176,-0.522116,0.433919,0.73424,0.298027,-0.713804,0.633768,0.799108,0.549724,0.243369,-0.527815,-0.107157,-0.842571,-0.401737,-0.842531,0.358813,-0.748342,0.52788,0.401652,1.0
177,-0.522205,0.433969,0.734146,0.297956,-0.713756,0.633855,0.799076,0.549746,0.243423,-0.525337,-0.112226,-0.84346,-0.401722,-0.841122,0.362121,-0.750093,0.529072,0.396789,1.0
178,-0.52225,0.433996,0.734099,0.29792,-0.713731,0.6339,0.79906,0.549757,0.24345,-0.523825,-0.114483,-0.844097,-0.401904,-0.840482,0.363403,-0.751052,0.529606,0.394255,1.0
179,-0.520424,0.432918,0.736029,0.299568,-0.714608,0.632133,0.799635,0.549469,0.242211,-0.523621,-0.114357,-0.84424,-0.401208,-0.841088,0.36277,-0.751566,0.52867,0.394531,1.0
180,-0.518491,0.431777,0.738061,0.301251,-0.715566,0.630247,0.800258,0.54912,0.240941,-0.521742,-0.116622,-0.845093,-0.401238,-0.840661,0.363725,-0.752856,0.528854,0.391815,1.0
181,-0.518581,0.431808,0.73798,0.301066,-0.715614,0.630281,0.800269,0.549033,0.241101,-0.519305,-0.120246,-0.846086,-0.401357,-0.839752,0.365687,-0.754476,0.529486,0.387826,1.0
182,-0.518546,0.431781,0.73802,0.301034,-0.715679,0.630222,0.800304,0.548969,0.241131,-0.518491,-0.121485,-0.846408,-0.401261,-0.83953,0.366301,-0.755086,0.529555,0.386542,1.0
183,-0.521121,0.428755,0.73797,0.305153,-0.713902,0.630257,0.797065,0.553635,0.241194,-0.518268,-0.12163,-0.846524,-0.400372,-0.840158,0.365835,-0.755711,0.528526,0.386729,1.0
184,-0.521089,0.428735,0.738006,0.305115,-0.713966,0.630203,0.797101,0.553568,0.241226,-0.517713,-0.11046,-0.848393,-0.415149,-0.834628,0.362003,-0.74808,0.539623,0.386241,1.0
185,-0.521099,0.428739,0.737995,0.305085,-0.713976,0.630206,0.797105,0.553551,0.241251,-0.523442,-0.096095,-0.846625,-0.432516,-0.826122,0.361179,-0.734123,0.555236,0.390864,1.0
186,-0.521096,0.428736,0.737999,0.305067,-0.713993,0.630195,0.797114,0.553532,0.241266,-0.529901,-0.084974,-0.843791,-0.439753,-0.823218,0.359067,-0.725135,0.561329,0.398857,1.0
187,-0.52107,0.428725,0.738024,0.305105,-0.713991,0.630179,0.797117,0.553543,0.241233,-0.539135,-0.061437,-0.839975,-0.455343,-0.817745,0.352071,-0.708516,0.572291,0.4129,1.0
188,-0.523668,0.42572,0.737925,0.30928,-0.71209,0.630296,0.793799,0.558291,0.241232,-0.550915,-0.031014,-0.833984,-0.479559,-0.806087,0.346765,-0.683019,0.590982,0.429213,1.0
189,-0.523686,0.425735,0.737903,0.30928,-0.712065,0.630323,0.793786,0.558311,0.241227,-0.556248,-0.01401,-0.830898,-0.491158,-0.80099,0.342313,-0.670337,0.598514,0.438667,1.0
190,-0.521836,0.424675,0.739822,0.310907,-0.712933,0.628539,0.794369,0.55801,0.24,-0.571438,0.030434,-0.82008,-0.518111,-0.788346,0.331767,-0.63641,0.614478,0.466259,1.0
191,-0.524344,0.421619,0.739797,0.315029,-0.71111,0.628552,0.791087,0.562635,0.240044,-0.583346,0.080461,-0.808228,-0.551035,-0.770257,0.321033,-0.596713,0.632636,0.493663,1.0
192,-0.524277,0.421577,0.739868,0.315018,-0.711194,0.628463,0.791136,0.562561,0.240058,-0.588563,0.099183,-0.802343,-0.561823,-0.763816,0.317708,-0.581331,0.637767,0.505278,1.0
193,-0.526776,0.418485,0.739849,0.318909,-0.709519,0.628393,0.78791,0.566967,0.240299,-0.59798,0.122805,-0.792046,-0.573157,-0.756289,0.315462,-0.560276,0.642607,0.522633,1.0
194,-0.52673,0.418404,0.739927,0.318498,-0.709912,0.628159,0.788108,0.566536,0.240671,-0.601745,0.135857,-0.787048,-0.582545,-0.748798,0.316135,-0.546391,0.648724,0.529728,1.0
195,-0.529245,0.415262,0.739903,0.321997,-0.708506,0.627962,0.784994,0.570593,0.241261,-0.603061,0.143634,-0.784656,-0.585832,-0.747364,0.313443,-0.541403,0.648702,0.534852,1.0
196,-0.531742,0.412135,0.739861,0.325722,-0.706888,0.627865,0.781764,0.574851,0.24164,-0.602754,0.1436,-0.784898,-0.586017,-0.747275,0.313309,-0.541544,0.648812,0.534575,1.0
197,-0.536687,0.405816,0.739783,0.332988,-0.703724,0.627606,0.775297,0.583167,0.242548,-0.604594,0.143177,-0.783559,-0.58551,-0.746829,0.315314,-0.540039,0.649419,0.535361,1.0
198,-0.541468,0.399327,0.73983,0.339908,-0.700882,0.627077,0.768943,0.591017,0.243771,-0.597547,0.13814,-0.789844,-0.580139,-0.754468,0.306944,-0.553511,0.641634,0.530971,1.0
199,-0.543973,0.39609,0.739733,0.342979,-0.699613,0.626822,0.765805,0.594688,0.244719,-0.597122,0.118617,-0.793331,-0.563655,-0.765728,0.30976,-0.570734,0.63213,0.524092,1.0
200,-0.546633,0.392726,0.739565,0.344561,-0.699473,0.62611,0.763196,0.597078,0.247038,-0.596035,0.095294,-0.797283,-0.5419,-0.780451,0.311833,-0.592525,0.617911,0.516816,1.0
201,-0.547048,0.39259,0.739331,0.341863,-0.70142,0.625411,0.764112,0.59488,0.249498,-0.597487,0.076892,-0.798182,-0.519121,-0.795744,0.311936,-0.611163,0.600731,0.515364,1.0
202,-0.547535,0.392554,0.738989,0.33941,-0.703035,0.624933,0.764855,0.592994,0.251699,-0.593171,0.058234,-0.802967,-0.502361,-0.806156,0.31264,-0.629111,0.588829,0.507443,1.0
203,-0.545802,0.391586,0.740782,0.340069,-0.704472,0.622952,0.765801,0.591927,0.251336,-0.59216,0.042302,-0.804708,-0.488873,-0.81271,0.317024,-0.640584,0.58113,0.501935,1.0
204,-0.525191,0.415288,0.742771,0.306884,-0.721678,0.620484,0.793722,0.553818,0.251574,-0.586846,0.008126,-0.809656,-0.457486,-0.82837,0.323276,-0.668069,0.560121,0.489844,1.0
205,-0.501844,0.442409,0.743253,0.26759,-0.73773,0.619798,0.822525,0.50993,0.251841,-0.579501,-0.017882,-0.814774,-0.435522,-0.838231,0.328159,-0.688838,0.545021,0.477968,1.0
206,-0.488814,0.455904,0.743781,0.245878,-0.74602,0.618867,0.83702,0.485391,0.252568,-0.576034,-0.036677,-0.816602,-0.416961,-0.84607,0.332126,-0.703084,0.531807,0.472072,1.0
207,-0.478961,0.465801,0.744059,0.227856,-0.752586,0.617814,0.847748,0.465448,0.254324,-0.568541,-0.061346,-0.820364,-0.396213,-0.853516,0.338415,-0.720954,0.517442,0.460953,1.0
208,-0.468112,0.47662,0.744113,0.209706,-0.758099,0.617501,0.858425,0.445105,0.254925,-0.546084,-0.110382,-0.830426,-0.334137,-0.880316,0.33674,-0.768208,0.461365,0.443844,1.0
209,-0.457253,0.486902,0.744207,0.195239,-0.76144,0.618134,0.86764,0.427943,0.253109,-0.528378,-0.14746,-0.836105,-0.297974,-0.889947,0.34526,-0.795001,0.431565,0.426289,1.0
210,-0.457523,0.486776,0.744124,0.194447,-0.761824,0.61791,0.867676,0.4274,0.2539,-0.520237,-0.160061,-0.838888,-0.286466,-0.892664,0.347974,-0.804543,0.421343,0.418545,1.0
211,-0.447391,0.498308,0.74265,0.173827,-0.766104,0.618763,0.877282,0.405922,0.256129,-0.493383,-0.204274,-0.845484,-0.234919,-0.904614,0.355647,-0.837487,0.374091,0.398334,1.0
212,-0.449347,0.496062,0.742972,0.172398,-0.76788,0.616958,0.876564,0.405316,0.259525,-0.456363,-0.246266,-0.855035,-0.197191,-0.90905,0.367072,-0.867667,0.336124,0.366295,1.0
213,-0.449229,0.496003,0.743083,0.172568,-0.767896,0.616891,0.876591,0.405358,0.259367,-0.444686,-0.258938,-0.857441,-0.191065,-0.907843,0.373249,-0.87507,0.329806,0.354231,1.0
214,-0.449531,0.486243,0.749325,0.175712,-0.774338,0.607885,0.875811,0.404929,0.26265,-0.425665,-0.278965,-0.860806,-0.170063,-0.909678,0.378898,-0.888756,0.307675,0.339776,1.0
215,-0.462638,0.461731,0.756815,0.197743,-0.778416,0.595789,0.864212,0.42529,0.268821,-0.408678,-0.29679,-0.863073,-0.140715,-0.913852,0.380882,-0.901765,0.277106,0.331709,1.0
216,-0.474523,0.443372,0.760426,0.216331,-0.778646,0.588991,0.853245,0.443994,0.27357,-0.396119,-0.305416,-0.865915,-0.127568,-0.915607,0.381299,-0.909293,0.261503,0.323728,1.0
217,-0.489136,0.416705,0.766226,0.238671,-0.781013,0.577107,0.838916,0.46516,0.282566,-0.3739,-0.326504,-0.868097,-0.101469,-0.915966,0.388212,-0.921901,0.233237,0.30935,1.0
218,-0.490322,0.399335,0.77467,0.253527,-0.785059,0.565159,0.83385,0.473511,0.283689,-0.345771,-0.346746,-0.871899,-0.074389,-0.916159,0.393849,-0.935365,0.201041,0.290987,1.0
219,-0.490961,0.384699,0.781641,0.26754,-0.787284,0.555522,0.829083,0.48186,0.283603,-0.327984,-0.355112,-0.875397,-0.068964,-0.915184,0.397091,-0.942162,0.190611,0.275676,1.0
220,-0.496803,0.376725,0.781834,0.276571,-0.785178,0.554079,0.822614,0.4915,0.285887,-0.31915,-0.360567,-0.876432,-0.059987,-0.915255,0.398383,-0.945803,0.179719,0.270475,1.0
221,-0.512586,0.3542,0.782174,0.308509,-0.774145,0.55274,0.801297,0.524635,0.287543,-0.294171,-0.379494,-0.877181,-0.027663,-0.914025,0.404711,-0.955352,0.14332,0.258382,1.0
222,-0.526537,0.329036,0.783896,0.346028,-0.759288,0.55113,0.776545,0.561441,0.285937,-0.262742,-0.397318,-0.879263,-0.013382,-0.909692,0.415067,-0.964772,0.120822,0.233697,1.0
223,-0.530886,0.314811,0.786799,0.36654,-0.751801,0.548127,0.764073,0.579386,0.283729,-0.251378,-0.405918,-0.878657,-0.0056,-0.907183,0.420698,-0.967872,0.110675,0.225773,1.0
224,-0.551277,0.269566,0.789574,0.429195,-0.719915,0.545446,0.715461,0.639574,0.281176,-0.228931,-0.422173,-0.877131,0.023682,-0.90321,0.428544,-0.973154,0.077334,0.21677,1.0
225,-0.570144,0.213316,0.793367,0.5014,-0.674639,0.541719,0.650794,0.706653,0.277685,-0.194777,-0.44495,-0.874117,0.054234,-0.894708,0.443346,-0.979347,0.038946,0.198399,1.0
226,-0.577052,0.171848,0.798422,0.551855,-0.63862,0.536301,0.602051,0.750088,0.273682,-0.180878,-0.45739,-0.870676,0.054339,-0.888574,0.455503,-0.982002,0.035079,0.185577,1.0
227,-0.58015,0.154374,0.799746,0.56849,-0.626417,0.53331,0.583304,0.764047,0.275656,-0.182755,-0.459655,-0.869089,0.055077,-0.887375,0.457745,-0.981614,0.035788,0.187488,1.0
