,r1,r2,r3,r4,r5,r6,r7,r8,r9,r10,r11,r12,r13,r14,r15,r16,r17,r18,status
0,-0.596918,0.11206,0.794437,0.361519,-0.846405,0.391026,0.716235,0.520615,0.464723,-0.217348,-0.367432,-0.904296,-0.463283,-0.77661,0.426901,-0.859143,0.511731,-0.001431,1.0
1,-0.652507,0.064982,0.75499,0.379775,-0.83412,0.400016,0.655747,0.54774,0.519591,-0.226184,-0.353121,-0.907824,-0.454978,-0.785768,0.419002,-0.861298,0.507812,0.017065,1.0
2,-0.670842,0.052805,0.739717,0.373526,-0.837641,0.398541,0.640663,0.543662,0.5422,-0.232076,-0.343832,-0.909901,-0.461108,-0.784765,0.414154,-0.856458,0.515677,0.023581,1.0
3,-0.705112,0.006331,0.709067,0.382417,-0.838683,0.387771,0.597138,0.544581,0.588945,-0.251051,-0.322569,-0.912645,-0.495894,-0.766858,0.407452,-0.831301,0.554867,0.03256,1.0
4,-0.760709,-0.092255,0.642502,0.418093,-0.826801,0.376294,0.496507,0.554877,0.667526,-0.277606,-0.293746,-0.914683,-0.54385,-0.736804,0.401678,-0.791935,0.608959,0.044787,1.0
5,-0.81211,-0.167849,0.558841,0.414587,-0.839924,0.350206,0.410603,0.516094,0.751699,-0.291028,-0.273339,-0.916835,-0.561845,-0.726826,0.395035,-0.774359,0.630086,0.057953,1.0
6,-0.828169,-0.190645,0.527056,0.408211,-0.849539,0.334133,0.384054,0.49187,0.781386,-0.30052,-0.258742,-0.918008,-0.574744,-0.71899,0.390796,-0.761155,0.645062,0.06736,1.0
7,-0.844284,-0.205634,0.494871,0.392504,-0.866009,0.309786,0.364861,0.455786,0.81187,-0.323645,-0.220239,-0.920188,-0.61136,-0.693581,0.381028,-0.722143,0.685885,0.089829,1.0
8,-0.862561,-0.208943,0.460793,0.368521,-0.88348,0.289229,0.346669,0.41929,0.839056,-0.353089,-0.165371,-0.920858,-0.654898,-0.659226,0.369497,-0.668158,0.733534,0.124464,1.0
9,-0.870696,-0.2189,0.44042,0.360711,-0.892954,0.269294,0.334327,0.393338,0.856452,-0.366012,-0.130323,-0.921439,-0.675712,-0.6436,0.359432,-0.639881,0.754184,0.147504,1.0
10,-0.896327,-0.240756,0.372335,0.340183,-0.911993,0.229221,0.284381,0.332119,0.899346,-0.383454,-0.059373,-0.921649,-0.692161,-0.642217,0.329347,-0.611453,0.764219,0.205165,1.0
11,-0.910597,-0.249024,0.329849,0.322791,-0.926933,0.19131,0.258107,0.280679,0.924445,-0.400072,0.019343,-0.916279,-0.689706,-0.664734,0.287111,-0.603528,0.746829,0.279283,1.0
12,-0.910918,-0.262061,0.31867,0.328243,-0.928255,0.174923,0.249967,0.263942,0.931585,-0.424169,0.114768,-0.89828,-0.685876,-0.688415,0.235917,-0.591314,0.716179,0.370721,1.0
13,-0.910092,-0.261361,0.321593,0.328058,-0.928539,0.173756,0.253199,0.263635,0.930798,-0.436438,0.159342,-0.885511,-0.687893,-0.693468,0.214254,-0.579934,0.702646,0.412266,1.0
14,-0.907291,-0.256048,0.333558,0.32558,-0.929759,0.171884,0.266118,0.264549,0.926927,-0.46554,0.22301,-0.856468,-0.69078,-0.696521,0.194115,-0.553259,0.682,0.478309,1.0
15,-0.904751,-0.261902,0.335905,0.333034,-0.926619,0.17454,0.265544,0.269783,0.925582,-0.488395,0.270679,-0.829579,-0.698075,-0.691629,0.185307,-0.523603,0.669612,0.526743,1.0
16,-0.904028,-0.262713,0.337214,0.334838,-0.925585,0.176562,0.265736,0.27253,0.924722,-0.499248,0.290204,-0.816414,-0.699626,-0.690874,0.18225,-0.51115,0.662173,0.547952,1.0
17,-0.899781,-0.264267,0.347213,0.339708,-0.923663,0.177323,0.273847,0.277503,0.920868,-0.519599,0.326957,-0.789376,-0.695587,-0.698379,0.168597,-0.49616,0.636683,0.590304,1.0
18,-0.895205,-0.264987,0.358313,0.343943,-0.922083,0.177386,0.28339,0.282036,0.916594,-0.535114,0.358643,-0.764871,-0.692253,-0.705097,0.153694,-0.484187,0.611728,0.625579,1.0
19,-0.891428,-0.26581,0.367015,0.346513,-0.921756,0.17405,0.292034,0.282329,0.913786,-0.545705,0.37567,-0.74905,-0.684399,-0.715595,0.139713,-0.483532,0.588892,0.647612,1.0
20,-0.890457,-0.265511,0.36958,0.34733,-0.92127,0.174994,0.29402,0.284191,0.912571,-0.547701,0.389826,-0.740309,-0.686162,-0.715585,0.130835,-0.478752,0.579631,0.659411,1.0
21,-0.890626,-0.26489,0.369619,0.347523,-0.920707,0.177553,0.293279,0.286585,0.912061,-0.556519,0.418403,-0.71779,-0.682454,-0.722947,0.107713,-0.473858,0.549804,0.687876,1.0
22,-0.890665,-0.264409,0.369869,0.347553,-0.920428,0.178938,0.293125,0.287923,0.911689,-0.566731,0.431703,-0.701746,-0.677752,-0.728575,0.099145,-0.468474,0.531798,0.705494,1.0
23,-0.890512,-0.264353,0.370276,0.347703,-0.920326,0.179171,0.293411,0.2883,0.911478,-0.571312,0.430218,-0.698937,-0.674849,-0.73091,0.101724,-0.467097,0.529793,0.707911,1.0
24,-0.892526,-0.263834,0.365769,0.346289,-0.920495,0.181027,0.288928,0.288234,0.912929,-0.578683,0.426386,-0.695212,-0.672033,-0.732263,0.11028,-0.462057,0.531023,0.710294,1.0
25,-0.890547,-0.269624,0.366373,0.352228,-0.918382,0.180301,0.287857,0.289613,0.912832,-0.573416,0.428416,-0.698321,-0.675666,-0.729348,0.107361,-0.463324,0.533395,0.707686,1.0
26,-0.892292,-0.274539,0.358388,0.355437,-0.91666,0.182748,0.278349,0.29045,0.915511,-0.570251,0.418833,-0.706676,-0.674999,-0.729189,0.112512,-0.468177,0.541166,0.698533,1.0
27,-0.891935,-0.279746,0.355236,0.359922,-0.914798,0.183302,0.273692,0.291351,0.916627,-0.57071,0.415673,-0.70817,-0.67213,-0.731903,0.112061,-0.471731,0.539937,0.697091,1.0
28,-0.888731,-0.290767,0.354415,0.370706,-0.910648,0.182472,0.269691,0.293553,0.917111,-0.564408,0.417896,-0.711902,-0.675201,-0.729848,0.10688,-0.474916,0.541002,0.694097,1.0
29,-0.890685,-0.291528,0.348841,0.370391,-0.910267,0.184996,0.263607,0.29398,0.918741,-0.559346,0.419548,-0.714919,-0.677678,-0.728121,0.102914,-0.477371,0.54205,0.691591,1.0
30,-0.890491,-0.292087,0.348869,0.371057,-0.909935,0.185292,0.263327,0.294451,0.918671,-0.558983,0.419952,-0.714966,-0.678391,-0.727428,0.103116,-0.476783,0.542667,0.691512,1.0
31,-0.890771,-0.292897,0.347473,0.371801,-0.909364,0.186602,0.261325,0.295411,0.918934,-0.560683,0.419424,-0.713944,-0.678052,-0.727455,0.105134,-0.475267,0.543038,0.692264,1.0
32,-0.891037,-0.295037,0.344971,0.372781,-0.909241,0.185237,0.25901,0.293652,0.920152,-0.563331,0.413604,-0.715254,-0.67643,-0.727972,0.111794,-0.474447,0.546797,0.689863,1.0
33,-0.891902,-0.296363,0.34158,0.37269,-0.909529,0.184005,0.256145,0.291419,0.921663,-0.561877,0.411349,-0.717694,-0.676445,-0.727864,0.112405,-0.476146,0.548639,0.687225,1.0
34,-0.892284,-0.30292,0.334764,0.377178,-0.907678,0.184001,0.248121,0.290447,0.924162,-0.559844,0.409478,-0.720348,-0.676931,-0.727377,0.112628,-0.477847,0.550681,0.684406,1.0
35,-0.893497,-0.310725,0.324209,0.381278,-0.906341,0.18213,0.237252,0.286347,0.928286,-0.561305,0.408911,-0.719532,-0.676392,-0.727644,0.114131,-0.476894,0.550749,0.685015,1.0
36,-0.893577,-0.319769,0.315065,0.386249,-0.905325,0.176626,0.228757,0.279522,0.932489,-0.557316,0.410153,-0.721922,-0.677375,-0.727419,0.10965,-0.480168,0.550122,0.68323,1.0
37,-0.894376,-0.321016,0.311512,0.386188,-0.905552,0.175594,0.225722,0.27735,0.933877,-0.554984,0.412336,-0.722475,-0.678292,-0.727095,0.106071,-0.481571,0.548917,0.683211,1.0
38,-0.899556,-0.32449,0.292412,0.383704,-0.906915,0.173997,0.208733,0.26872,0.940329,-0.553291,0.418933,-0.719974,-0.680106,-0.726251,0.100067,-0.480961,0.545026,0.686747,1.0
39,-0.902284,-0.328279,0.279492,0.382573,-0.908534,0.167937,0.198799,0.258453,0.945346,-0.552947,0.423429,-0.717604,-0.682186,-0.724565,0.098119,-0.478404,0.543795,0.689503,1.0
40,-0.902487,-0.329029,0.277951,0.382558,-0.908846,0.166277,0.197905,0.256395,0.946094,-0.552746,0.426313,-0.71605,-0.683328,-0.723689,0.096625,-0.477006,0.542707,0.691327,1.0
41,-0.902411,-0.334093,0.272093,0.384409,-0.909514,0.158156,0.194634,0.247317,0.949184,-0.552931,0.432399,-0.712248,-0.685164,-0.722381,0.093354,-0.474148,0.539625,0.695692,1.0
42,-0.903209,-0.33792,0.264616,0.385215,-0.91012,0.152609,0.189263,0.239772,0.952201,-0.55349,0.437433,-0.708731,-0.686563,-0.721358,0.090951,-0.471464,0.536929,0.69959,1.0
43,-0.903956,-0.339975,0.259381,0.385397,-0.910529,0.149684,0.185285,0.235272,0.954104,-0.553624,0.441605,-0.706034,-0.687403,-0.720912,0.088104,-0.470081,0.534107,0.702675,1.0
44,-0.908249,-0.343878,0.238393,0.383442,-0.912077,0.145214,0.167498,0.2233,0.96025,-0.553066,0.449311,-0.701595,-0.68921,-0.719873,0.082286,-0.468088,0.529056,0.707808,1.0
45,-0.912232,-0.343643,0.223027,0.379623,-0.91373,0.144855,0.154008,0.216808,0.963989,-0.552438,0.454332,-0.698851,-0.690638,-0.71892,0.078567,-0.466723,0.526057,0.710938,1.0
46,-0.912579,-0.344684,0.219981,0.379758,-0.913897,0.143437,0.1516,0.214437,0.9649,-0.552679,0.454212,-0.698739,-0.69092,-0.718557,0.079399,-0.466021,0.526655,0.710955,1.0
47,-0.914588,-0.341998,0.215789,0.375644,-0.916095,0.140215,0.149731,0.209299,0.96632,-0.553052,0.45411,-0.69851,-0.690834,-0.718594,0.079807,-0.465705,0.526692,0.711134,1.0
48,-0.917577,-0.341449,0.203624,0.371428,-0.918905,0.132867,0.141744,0.197547,0.969991,-0.553262,0.451763,-0.699864,-0.690728,-0.718415,0.082301,-0.465613,0.52895,0.709518,1.0
49,-0.921086,-0.331163,0.204769,0.361668,-0.922487,0.134951,0.144206,0.19836,0.969462,-0.553917,0.451605,-0.699448,-0.690356,-0.718731,0.082661,-0.465386,0.528656,0.709886,1.0
50,-0.923146,-0.323509,0.207707,0.354977,-0.924722,0.137403,0.14762,0.200574,0.968492,-0.554487,0.451353,-0.699159,-0.690053,-0.718968,0.083124,-0.465156,0.528548,0.710116,1.0
51,-0.924556,-0.318804,0.208709,0.350226,-0.926765,0.135821,0.150124,0.19867,0.9685,-0.554751,0.451245,-0.699019,-0.689928,-0.719062,0.083353,-0.465026,0.528513,0.710227,1.0
52,-0.926172,-0.310721,0.213672,0.342928,-0.929682,0.1345,0.156856,0.197844,0.967601,-0.555378,0.451009,-0.698674,-0.689664,-0.719249,0.083925,-0.46467,0.528461,0.710499,1.0
53,-0.929011,-0.301434,0.21465,0.333741,-0.933075,0.134117,0.159858,0.196233,0.967438,-0.555942,0.450745,-0.698395,-0.689348,-0.719499,0.084375,-0.464463,0.528346,0.71072,1.0
54,-0.929683,-0.296473,0.218613,0.329594,-0.934523,0.134289,0.164486,0.1969,0.966526,-0.556002,0.448374,-0.699872,-0.689238,-0.719326,0.086717,-0.464555,0.530593,0.708983,1.0
55,-0.931077,-0.286275,0.226145,0.320822,-0.937619,0.133949,0.173692,0.19727,0.964839,-0.553456,0.446934,-0.702805,-0.690007,-0.718629,0.086381,-0.46645,0.532749,0.706117,1.0
56,-0.933387,-0.275207,0.230322,0.31053,-0.941076,0.133962,0.179883,0.19656,0.963848,-0.544475,0.449278,-0.708304,-0.692501,-0.717255,0.077372,-0.473273,0.532629,0.701654,1.0
57,-0.935356,-0.264589,0.234734,0.300721,-0.944259,0.133939,0.186211,0.195871,0.962787,-0.540566,0.450507,-0.710514,-0.693943,-0.716234,0.073825,-0.475636,0.532964,0.699798,1.0
58,-0.936941,-0.254546,0.239469,0.291512,-0.947168,0.133763,0.192769,0.195136,0.961644,-0.537034,0.456497,-0.709369,-0.696252,-0.714642,0.067214,-0.476262,0.529996,0.701624,1.0
59,-0.938446,-0.244182,0.24432,0.281958,-0.9501,0.133451,0.199542,0.194125,0.960467,-0.534084,0.458108,-0.710556,-0.698283,-0.712838,0.06528,-0.476606,0.531035,0.700604,1.0
60,-0.93893,-0.239708,0.246879,0.277962,-0.951269,0.133505,0.202846,0.193975,0.959805,-0.529903,0.462111,-0.711094,-0.700426,-0.711218,0.059762,-0.478126,0.529737,0.700551,1.0
61,-0.939644,-0.235054,0.248631,0.273648,-0.95249,0.133708,0.20539,0.193676,0.959324,-0.526101,0.465366,-0.711793,-0.701667,-0.710445,0.054132,-0.4805,0.527921,0.700298,1.0
62,-0.939961,-0.231078,0.251147,0.270116,-0.953507,0.133641,0.208589,0.193456,0.958678,-0.521279,0.474062,-0.709599,-0.704344,-0.708486,0.0441,-0.481836,0.522791,0.703223,1.0
63,-0.940524,-0.226589,0.253121,0.265986,-0.954654,0.133737,0.21134,0.193109,0.958145,-0.519091,0.480415,-0.706927,-0.707432,-0.705653,0.039912,-0.479671,0.52082,0.706159,1.0
64,-0.94021,-0.227175,0.253764,0.266682,-0.95448,0.133599,0.211862,0.193286,0.957994,-0.518076,0.481167,-0.707159,-0.708751,-0.704323,0.040005,-0.47882,0.521925,0.70592,1.0
65,-0.941036,-0.222145,0.255151,0.261962,-0.955721,0.134063,0.214072,0.192998,0.957561,-0.517798,0.48557,-0.704348,-0.710169,-0.703035,0.037411,-0.477016,0.519578,0.708867,1.0
66,-0.94051,-0.223116,0.256239,0.263151,-0.955406,0.133976,0.21492,0.193436,0.957283,-0.515946,0.486824,-0.704841,-0.710698,-0.702629,0.034937,-0.478234,0.518955,0.708503,1.0
67,-0.939764,-0.224533,0.257735,0.264904,-0.954919,0.133998,0.21603,0.194202,0.956878,-0.514001,0.48708,-0.706083,-0.710847,-0.70258,0.032806,-0.480101,0.51878,0.707367,1.0
68,-0.940652,-0.21937,0.25894,0.260033,-0.956177,0.134561,0.218074,0.193908,0.956473,-0.513949,0.48709,-0.706115,-0.71085,-0.702581,0.032743,-0.480154,0.51877,0.707339,1.0
69,-0.94001,-0.220582,0.260238,0.261521,-0.955778,0.134513,0.219059,0.194501,0.956128,-0.513883,0.487067,-0.706179,-0.7108,-0.702636,0.032622,-0.480299,0.518717,0.70728,1.0
70,-0.940858,-0.220224,0.257463,0.260802,-0.955839,0.135472,0.216259,0.194607,0.956744,-0.5142,0.486935,-0.706039,-0.710663,-0.702762,0.032893,-0.480161,0.51867,0.707408,1.0
71,-0.940924,-0.218739,0.258483,0.260147,-0.955612,0.138303,0.216757,0.197376,0.956063,-0.51427,0.486912,-0.706004,-0.710642,-0.702781,0.03296,-0.480117,0.518667,0.707439,1.0
72,-0.94074,-0.217256,0.260398,0.259893,-0.955135,0.142023,0.21786,0.201282,0.954998,-0.51456,0.48683,-0.705849,-0.710578,-0.702831,0.033259,-0.479901,0.518675,0.70758,1.0
73,-0.940589,-0.215628,0.26229,0.259604,-0.954585,0.146193,0.218856,0.205599,0.95385,-0.514437,0.486906,-0.705886,-0.710673,-0.702738,0.03319,-0.479894,0.518728,0.707546,1.0
74,-0.941363,-0.215571,0.259544,0.259119,-0.9546,0.146954,0.216082,0.20559,0.954484,-0.514731,0.486776,-0.705762,-0.710533,-0.702868,0.03343,-0.479785,0.518676,0.707658,1.0
75,-0.94131,-0.215665,0.259659,0.259222,-0.954584,0.146876,0.216191,0.205565,0.954464,-0.51264,0.4871,-0.707059,-0.710715,-0.70279,0.031131,-0.481751,0.518477,0.706467,1.0
76,-0.94125,-0.215752,0.259802,0.259339,-0.954554,0.146862,0.216309,0.205611,0.954428,-0.51065,0.487416,-0.70828,-0.710899,-0.702696,0.028965,-0.483588,0.518308,0.705335,1.0
77,-0.940962,-0.216241,0.260442,0.260034,-0.954325,0.147124,0.216732,0.206162,0.954213,-0.508802,0.487657,-0.709443,-0.710993,-0.702684,0.026903,-0.485395,0.518098,0.704248,1.0
78,-0.940822,-0.216488,0.260741,0.260373,-0.954216,0.147227,0.21693,0.206405,0.954116,-0.508832,0.487655,-0.709423,-0.710996,-0.70268,0.02694,-0.48536,0.518105,0.704266,1.0
79,-0.941714,-0.216031,0.257884,0.259561,-0.954246,0.148462,0.214013,0.206745,0.954701,-0.50928,0.487453,-0.70924,-0.710779,-0.702885,0.0273,-0.485207,0.518017,0.704437,1.0
80,-0.941438,-0.216531,0.258472,0.260304,-0.953969,0.148939,0.214325,0.207498,0.954467,-0.509554,0.487332,-0.709127,-0.710652,-0.703004,0.027524,-0.485106,0.517967,0.704542,1.0
81,-0.942313,-0.216135,0.255598,0.259605,-0.953924,0.150442,0.211306,0.208118,0.955005,-0.507605,0.48756,-0.710366,-0.710698,-0.70304,0.025311,-0.487076,0.517704,0.703375,1.0
82,-0.942427,-0.215868,0.255403,0.259302,-0.953999,0.15049,0.211169,0.208052,0.95505,-0.507603,0.487561,-0.710367,-0.7107,-0.703039,0.02531,-0.487076,0.517706,0.703375,1.0
83,-0.943895,-0.215533,0.250213,0.258311,-0.953909,0.152747,0.205759,0.20881,0.956065,-0.505782,0.487735,-0.711545,-0.710686,-0.703125,0.023208,-0.488987,0.517424,0.702256,1.0
84,-0.943806,-0.215672,0.250428,0.258503,-0.953854,0.152765,0.205925,0.208918,0.956006,-0.503708,0.488034,-0.71281,-0.710805,-0.703076,0.020922,-0.49095,0.517208,0.701043,1.0
85,-0.9437,-0.215872,0.250655,0.258742,-0.9538,0.152701,0.206111,0.208959,0.955957,-0.503874,0.487963,-0.712742,-0.71073,-0.703148,0.021057,-0.490889,0.517178,0.701108,1.0
86,-0.944178,-0.21619,0.24857,0.25881,-0.953625,0.153672,0.203821,0.209427,0.956345,-0.50176,0.488294,-0.714005,-0.710884,-0.703057,0.01876,-0.492827,0.516988,0.699888,1.0
87,-0.944027,-0.215115,0.250074,0.258677,-0.953191,0.156566,0.204688,0.212491,0.955484,-0.502144,0.48818,-0.713814,-0.710795,-0.703137,0.019142,-0.492565,0.516988,0.700072,1.0
88,-0.944606,-0.215324,0.247696,0.258606,-0.953015,0.157749,0.202091,0.213066,0.955908,-0.502689,0.488016,-0.713542,-0.710667,-0.703252,0.019685,-0.492193,0.516987,0.700334,1.0
89,-0.945319,-0.215211,0.245063,0.25819,-0.952897,0.159134,0.199273,0.213706,0.956357,-0.500745,0.488281,-0.714726,-0.710754,-0.70322,0.017541,-0.494046,0.516779,0.699183,1.0
90,-0.945227,-0.21541,0.245241,0.258525,-0.952731,0.159582,0.199273,0.214243,0.956237,-0.498745,0.488584,-0.715916,-0.710883,-0.703141,0.015374,-0.495879,0.516601,0.698015,1.0
91,-0.944823,-0.216212,0.246092,0.259615,-0.952363,0.16001,0.199773,0.21507,0.955947,-0.498847,0.48855,-0.715869,-0.710851,-0.703171,0.015466,-0.495822,0.516592,0.698062,1.0
92,-0.944613,-0.216626,0.246532,0.260184,-0.952166,0.160259,0.200023,0.215526,0.955791,-0.498883,0.488534,-0.715855,-0.710834,-0.703188,0.015494,-0.495812,0.516585,0.698075,1.0
93,-0.945161,-0.216805,0.244266,0.260197,-0.951878,0.161941,0.197402,0.216618,0.95609,-0.498923,0.488486,-0.715861,-0.710769,-0.703254,0.015491,-0.495865,0.516541,0.69807,1.0
94,-0.945006,-0.217129,0.244574,0.26067,-0.951686,0.162306,0.197517,0.217133,0.955949,-0.498933,0.488461,-0.71587,-0.710734,-0.70329,0.015476,-0.495906,0.516515,0.698061,1.0
95,-0.944771,-0.216294,0.246219,0.260827,-0.95113,0.165288,0.198436,0.22038,0.955015,-0.499168,0.48835,-0.715782,-0.710615,-0.703406,0.015659,-0.495839,0.516463,0.698146,1.0
96,-0.945546,-0.216046,0.243444,0.260158,-0.951122,0.166384,0.195598,0.220658,0.955536,-0.499236,0.488307,-0.715763,-0.710565,-0.703455,0.015701,-0.495841,0.516435,0.698165,1.0
97,-0.946381,-0.213624,0.242334,0.258627,-0.950523,0.172095,0.193581,0.225542,0.954807,-0.497355,0.488476,-0.716957,-0.710506,-0.70356,0.013531,-0.497813,0.516133,0.696984,1.0
98,-0.947484,-0.20969,0.241459,0.256034,-0.949788,0.179853,0.191621,0.23223,0.953598,-0.495206,0.488789,-0.71823,-0.710602,-0.703504,0.01118,-0.499813,0.515913,0.695714,1.0
99,-0.947578,-0.209506,0.241249,0.255798,-0.949852,0.179853,0.191471,0.232136,0.953651,-0.49362,0.489065,-0.719134,-0.710733,-0.703396,0.009491,-0.501195,0.515798,0.694805,1.0
100,-0.947651,-0.208057,0.242216,0.255163,-0.949473,0.182732,0.19196,0.234971,0.952858,-0.49282,0.489237,-0.719565,-0.710843,-0.703296,0.00867,-0.501827,0.515771,0.694369,1.0
101,-0.947829,-0.203991,0.244962,0.253396,-0.948379,0.190701,0.193416,0.242824,0.950592,-0.493176,0.489061,-0.719441,-0.710652,-0.703486,0.008936,-0.501747,0.515679,0.694495,1.0
102,-0.948319,-0.199367,0.246865,0.25081,-0.947515,0.198265,0.194381,0.249934,0.94855,-0.49123,0.489272,-0.720627,-0.710628,-0.703534,0.006747,-0.503686,0.515413,0.693288,1.0
103,-0.948455,-0.198398,0.247124,0.250194,-0.947388,0.199646,0.194513,0.251185,0.948193,-0.491317,0.489242,-0.720588,-0.710601,-0.703561,0.006826,-0.503639,0.515405,0.693328,1.0
104,-0.948647,-0.195871,0.2484,0.249021,-0.946648,0.204558,0.19508,0.255911,0.946811,-0.491363,0.489223,-0.72057,-0.710582,-0.70358,0.006864,-0.503621,0.515397,0.693347,1.0
105,-0.948779,-0.195582,0.248123,0.248719,-0.946663,0.204855,0.194823,0.256076,0.94682,-0.491526,0.489155,-0.720505,-0.710516,-0.703644,0.007003,-0.503554,0.515373,0.693413,1.0
106,-0.948711,-0.195688,0.248297,0.248924,-0.946556,0.205105,0.194891,0.256392,0.94672,-0.491483,0.489175,-0.72052,-0.710537,-0.703623,0.00697,-0.503566,0.515383,0.693397,1.0
107,-0.949435,-0.195472,0.245686,0.2483,-0.946403,0.206559,0.192142,0.257118,0.947085,-0.491246,0.489285,-0.720607,-0.710654,-0.703508,0.006787,-0.503633,0.515437,0.693309,1.0
108,-0.950853,-0.195152,0.240402,0.24706,-0.946167,0.209115,0.186652,0.258231,0.94788,-0.491018,0.489382,-0.720698,-0.710752,-0.703411,0.006598,-0.503718,0.515478,0.693216,1.0
109,-0.952177,-0.196262,0.234178,0.246405,-0.946429,0.2087,0.180673,0.256422,0.949528,-0.490661,0.489548,-0.720828,-0.710928,-0.703235,0.006322,-0.503817,0.51556,0.693084,1.0
110,-0.952026,-0.19792,0.233396,0.247337,-0.946771,0.206028,0.180196,0.253872,0.950303,-0.490514,0.489616,-0.720882,-0.711,-0.703163,0.006209,-0.503858,0.515593,0.693029,1.0
111,-0.95171,-0.19848,0.234204,0.248148,-0.946515,0.20623,0.180745,0.254389,0.950061,-0.490288,0.48972,-0.720964,-0.711111,-0.703052,0.006034,-0.503921,0.515645,0.692944,1.0
112,-0.952991,-0.198325,0.229072,0.246987,-0.946398,0.208151,0.175512,0.254945,0.950893,-0.48996,0.489873,-0.721083,-0.711273,-0.702891,0.00578,-0.504012,0.515719,0.692822,1.0
113,-0.952924,-0.198435,0.229255,0.247142,-0.94636,0.20814,0.175656,0.255,0.950851,-0.489819,0.489939,-0.721135,-0.711342,-0.702822,0.005671,-0.504052,0.515752,0.69277,1.0
114,-0.952736,-0.198794,0.229724,0.247612,-0.946252,0.208072,0.176013,0.25512,0.950753,-0.48963,0.490027,-0.721204,-0.711435,-0.702729,0.005524,-0.504104,0.515795,0.6927,1.0
115,-0.952629,-0.198987,0.230001,0.247875,-0.946185,0.208065,0.176222,0.25522,0.950687,-0.489518,0.490079,-0.721244,-0.71149,-0.702674,0.005437,-0.504135,0.515821,0.692658,1.0
116,-0.952461,-0.199302,0.230421,0.248309,-0.946061,0.208111,0.176516,0.255433,0.950576,-0.489451,0.490109,-0.721269,-0.711523,-0.702641,0.005386,-0.504154,0.515836,0.692633,1.0
117,-0.951898,-0.205182,0.22757,0.25349,-0.94456,0.20868,0.172136,0.256329,0.951137,-0.489253,0.490201,-0.721341,-0.71162,-0.702544,0.005233,-0.504209,0.515882,0.692559,1.0
118,-0.952338,-0.205501,0.225434,0.253443,-0.944316,0.209842,0.169758,0.256976,0.951391,-0.489117,0.490263,-0.721391,-0.711687,-0.702477,0.005128,-0.504247,0.515913,0.692508,1.0
119,-0.952998,-0.21237,0.216084,0.257768,-0.943128,0.209915,0.159216,0.255749,0.953541,-0.488959,0.490355,-0.721435,-0.711794,-0.702369,0.00503,-0.504248,0.515974,0.692462,1.0
120,-0.952441,-0.219996,0.210848,0.263351,-0.942373,0.206348,0.153302,0.252061,0.955491,-0.488816,0.490421,-0.721487,-0.711865,-0.702298,0.004918,-0.504288,0.516006,0.692409,1.0
121,-0.952941,-0.223426,0.204898,0.264227,-0.943479,0.200076,0.148615,0.244801,0.958115,-0.488677,0.490486,-0.721537,-0.711932,-0.70223,0.004811,-0.504326,0.516037,0.692357,1.0
122,-0.952683,-0.224506,0.204914,0.26513,-0.943459,0.198971,0.148658,0.243886,0.958342,-0.488801,0.490439,-0.721486,-0.711888,-0.702275,0.004917,-0.504271,0.516021,0.692411,1.0
123,-0.951764,-0.225266,0.208326,0.266563,-0.943296,0.197828,0.151949,0.243817,0.957843,-0.488947,0.49039,-0.72142,-0.711846,-0.702316,0.005054,-0.504187,0.516011,0.692479,1.0
124,-0.951451,-0.224774,0.210277,0.266924,-0.942725,0.200046,0.153268,0.246462,0.956955,-0.488809,0.490437,-0.721482,-0.711884,-0.702279,0.004922,-0.504268,0.516017,0.692415,1.0
125,-0.950806,-0.226137,0.211727,0.268556,-0.942379,0.199493,0.154415,0.24654,0.956751,-0.488796,0.490423,-0.7215,-0.71186,-0.702304,0.004889,-0.504315,0.515997,0.692396,1.0
126,-0.949267,-0.228128,0.216446,0.271469,-0.941889,0.19786,0.158731,0.246581,0.956034,-0.4885,0.490523,-0.721632,-0.711943,-0.702221,0.004613,-0.504483,0.516015,0.69226,1.0
127,-0.948129,-0.229233,0.220229,0.273286,-0.941673,0.196379,0.162368,0.246379,0.955475,-0.488397,0.490533,-0.721695,-0.711933,-0.702232,0.004486,-0.504597,0.51599,0.692195,1.0
128,-0.943953,-0.232828,0.23397,0.278737,-0.94194,0.187227,0.176795,0.24195,0.954045,-0.487643,0.490772,-0.722043,-0.712119,-0.702047,0.00376,-0.505063,0.516015,0.691837,1.0
129,-0.941123,-0.227575,0.249991,0.276197,-0.944015,0.180412,0.194939,0.238837,0.951291,-0.486707,0.490927,-0.722568,-0.712119,-0.702052,0.002681,-0.505965,0.51586,0.691293,1.0
130,-0.940567,-0.227352,0.252277,0.276164,-0.944379,0.178551,0.197651,0.237609,0.951038,-0.48605,0.491,-0.72296,-0.712059,-0.702116,0.001877,-0.506681,0.515703,0.690885,1.0
131,-0.940503,-0.227634,0.252261,0.275734,-0.945142,0.175148,0.198553,0.234284,0.951676,-0.484031,0.491223,-0.724163,-0.711865,-0.702315,-0.000593,-0.508883,0.515219,0.689627,1.0
132,-0.940302,-0.228499,0.25223,0.275559,-0.946099,0.170185,0.199747,0.22953,0.952584,-0.482345,0.491086,-0.72538,-0.711162,-0.70302,-0.003057,-0.511459,0.514389,0.68834,1.0
133,-0.940939,-0.228057,0.250247,0.274241,-0.94682,0.168292,0.198559,0.22698,0.953443,-0.485581,0.486174,-0.726529,-0.710767,-0.703414,0.00434,-0.508941,0.518501,0.687121,1.0
134,-0.941836,-0.227519,0.247342,0.272958,-0.947231,0.168063,0.196053,0.225802,0.954241,-0.48557,0.483917,-0.728042,-0.711039,-0.703118,0.006879,-0.508571,0.521007,0.685497,1.0
135,-0.943442,-0.226608,0.242002,0.270795,-0.947838,0.168144,0.191277,0.224167,0.955594,-0.482805,0.480823,-0.73192,-0.712159,-0.701964,0.008626,-0.509634,0.525409,0.681334,1.0
136,-0.943724,-0.225908,0.241557,0.269867,-0.948208,0.167548,0.191196,0.223308,0.955812,-0.484105,0.481164,-0.730836,-0.712836,-0.701251,0.010496,-0.50745,0.526049,0.68247,1.0
137,-0.943666,-0.226546,0.241186,0.270167,-0.948346,0.166275,0.19106,0.222069,0.956128,-0.485109,0.479167,-0.731483,-0.713013,-0.701016,0.013651,-0.506241,0.52818,0.681722,1.0
138,-0.943893,-0.226744,0.240108,0.269873,-0.948643,0.165055,0.190352,0.220593,0.95661,-0.490082,0.478826,-0.728385,-0.713006,-0.7009,0.018976,-0.501439,0.528643,0.684905,1.0
139,-0.945753,-0.221539,0.237633,0.264247,-0.95007,0.165949,0.189004,0.219741,0.957074,-0.492757,0.478688,-0.726669,-0.713164,-0.70065,0.02205,-0.498586,0.529099,0.686633,1.0
140,-0.947103,-0.22531,0.22854,0.264902,-0.950843,0.160387,0.181169,0.212443,0.960231,-0.495523,0.476346,-0.726327,-0.713463,-0.70015,0.027569,-0.495406,0.531868,0.686795,1.0
141,-0.947695,-0.228145,0.22321,0.265726,-0.951375,0.155798,0.176812,0.206962,0.962238,-0.497188,0.476352,-0.725184,-0.713576,-0.699958,0.029447,-0.493572,0.532114,0.687924,1.0
142,-0.948102,-0.229775,0.219783,0.266546,-0.951217,0.155366,0.173362,0.205886,0.963096,-0.498885,0.476283,-0.724062,-0.713699,-0.699744,0.031458,-0.491676,0.532457,0.689015,1.0
143,-0.947417,-0.231195,0.221242,0.268336,-0.950667,0.155648,0.174343,0.206831,0.962717,-0.500686,0.476172,-0.722892,-0.713796,-0.699546,0.033592,-0.489701,0.532817,0.690142,1.0
144,-0.946764,-0.23361,0.221501,0.270266,-0.950611,0.15262,0.174909,0.204359,0.963142,-0.500654,0.476213,-0.722887,-0.713856,-0.699485,0.033603,-0.489647,0.532861,0.690147,1.0
145,-0.945463,-0.239177,0.221119,0.274217,-0.950821,0.144028,0.175796,0.196808,0.964553,-0.501325,0.475939,-0.722602,-0.713561,-0.699759,0.034158,-0.48939,0.532745,0.690419,1.0
146,-0.944082,-0.245884,0.219657,0.278477,-0.951333,0.131966,0.176518,0.185757,0.966609,-0.503388,0.473369,-0.722856,-0.713372,-0.699723,0.038563,-0.487545,0.535078,0.68992,1.0
147,-0.943491,-0.24835,0.219424,0.280066,-0.951502,0.127305,0.177166,0.181565,0.967288,-0.503352,0.473452,-0.722827,-0.713383,-0.699717,0.03846,-0.487566,0.535012,0.689956,1.0
148,-0.943293,-0.25295,0.214972,0.280357,-0.953814,0.107881,0.177755,0.162032,0.970643,-0.504276,0.474143,-0.721729,-0.717462,-0.695167,0.044602,-0.480575,0.540306,0.690736,1.0
149,-0.942679,-0.261783,0.206944,0.284312,-0.954743,0.087364,0.174708,0.141192,0.974444,-0.503422,0.472232,-0.723575,-0.717817,-0.694708,0.046024,-0.48094,0.542564,0.688708,1.0
150,-0.942011,-0.270805,0.198189,0.288074,-0.955489,0.063667,0.172126,0.117068,0.978093,-0.505194,0.472196,-0.722363,-0.71782,-0.694571,0.047988,-0.479074,0.54277,0.689845,1.0
151,-0.942533,-0.272247,0.193679,0.287914,-0.955933,0.057408,0.169515,0.109871,0.979383,-0.507144,0.472017,-0.721112,-0.717774,-0.694461,0.050224,-0.477078,0.543067,0.690994,1.0
152,-0.942985,-0.275066,0.187395,0.288499,-0.956271,0.048094,0.165972,0.099415,0.981106,-0.50395,0.475588,-0.721005,-0.722327,-0.689748,0.049904,-0.473579,0.545951,0.691129,1.0
153,-0.944495,-0.281362,0.169597,0.291745,-0.95569,0.03925,0.151039,0.086551,0.984731,-0.503744,0.475818,-0.720997,-0.722656,-0.689401,0.049937,-0.473295,0.546189,0.691135,1.0
154,-0.945727,-0.284071,0.157806,0.293006,-0.955429,0.036082,0.140523,0.080362,0.98681,-0.503738,0.475895,-0.720951,-0.722772,-0.689272,0.050027,-0.473124,0.546285,0.691176,1.0
155,-0.946663,-0.286402,0.147653,0.294143,-0.955188,0.033091,0.13156,0.074757,0.988485,-0.503844,0.475978,-0.720822,-0.722917,-0.689102,0.050276,-0.47279,0.546426,0.691293,1.0
156,-0.948295,-0.285245,0.139177,0.293071,-0.955295,0.038979,0.121837,0.077752,0.989499,-0.50409,0.475945,-0.720672,-0.722905,-0.689094,0.050561,-0.472547,0.546465,0.691429,1.0
157,-0.947843,-0.286302,0.14008,0.294426,-0.954804,0.040746,0.122084,0.079864,0.9893,-0.504529,0.475866,-0.720417,-0.722853,-0.689113,0.051045,-0.472159,0.54651,0.691658,1.0
158,-0.947247,-0.288467,0.139675,0.296349,-0.954286,0.038913,0.122065,0.078253,0.989432,-0.504785,0.475865,-0.720238,-0.722893,-0.689045,0.05139,-0.471822,0.546596,0.69182,1.0
159,-0.946615,-0.2907,0.139327,0.298462,-0.953663,0.038033,0.121815,0.077586,0.989515,-0.505613,0.47583,-0.71968,-0.72297,-0.688884,0.052457,-0.470816,0.546831,0.69232,1.0
160,-0.946428,-0.291868,0.138149,0.299374,-0.953432,0.036628,0.121025,0.076024,0.989733,-0.506656,0.475784,-0.718977,-0.723064,-0.688682,0.053801,-0.469549,0.547125,0.692947,1.0
161,-0.945858,-0.292256,0.1412,0.299914,-0.953289,0.035924,0.124106,0.076327,0.989328,-0.507175,0.47578,-0.718614,-0.72314,-0.688547,0.054495,-0.468872,0.547297,0.69327,1.0
162,-0.94497,-0.29246,0.14662,0.300304,-0.953234,0.03407,0.129799,0.076226,0.988605,-0.508467,0.478049,-0.71619,-0.723332,-0.688381,0.054051,-0.467173,0.545527,0.695807,1.0
163,-0.947046,-0.28573,0.146494,0.293628,-0.955278,0.035001,0.129942,0.076162,0.988591,-0.509197,0.478097,-0.715639,-0.723715,-0.687871,0.055396,-0.465783,0.546127,0.696268,1.0
164,-0.948707,-0.279798,0.147194,0.287789,-0.957028,0.03569,0.130884,0.076221,0.988462,-0.510172,0.480399,-0.7134,-0.723942,-0.687694,0.054622,-0.464361,0.544327,0.698624,1.0
165,-0.948214,-0.279957,0.150042,0.288014,-0.957003,0.034523,0.133926,0.075949,0.988076,-0.510358,0.480463,-0.713224,-0.724107,-0.687489,0.055019,-0.4639,0.54453,0.698772,1.0
166,-0.948276,-0.279702,0.150127,0.287752,-0.957085,0.034435,0.134053,0.075853,0.988066,-0.510524,0.480509,-0.713074,-0.724341,-0.687202,0.055516,-0.46335,0.544852,0.698886,1.0
167,-0.948371,-0.279389,0.150107,0.287444,-0.957175,0.034507,0.134038,0.075873,0.988067,-0.510742,0.480485,-0.712934,-0.724341,-0.68718,0.055786,-0.46311,0.5449,0.699007,1.0
168,-0.948314,-0.279485,0.150292,0.287564,-0.957137,0.034566,0.134189,0.075997,0.988037,-0.510743,0.480503,-0.712922,-0.724369,-0.687149,0.055812,-0.463066,0.544924,0.699018,1.0
169,-0.948024,-0.280109,0.150958,0.288271,-0.956918,0.034754,0.13472,0.076464,0.987929,-0.51065,0.480589,-0.71293,-0.724488,-0.687024,0.055802,-0.462983,0.545005,0.69901,1.0
170,-0.947804,-0.280577,0.151469,0.288802,-0.956752,0.034896,0.135128,0.076819,0.987845,-0.510896,0.480554,-0.712777,-0.724472,-0.687016,0.056092,-0.462735,0.545045,0.699143,1.0
171,-0.948974,-0.275783,0.152943,0.284193,-0.9581,0.035728,0.136682,0.07737,0.987588,-0.511256,0.480553,-0.712519,-0.724525,-0.686921,0.056582,-0.462254,0.545167,0.699366,1.0
172,-0.948766,-0.276255,0.15338,0.284715,-0.957943,0.035798,0.137041,0.077634,0.987518,-0.511695,0.481233,-0.711745,-0.72452,-0.68694,0.056417,-0.461777,0.544542,0.700167,1.0
173,-0.94998,-0.271285,0.154729,0.27995,-0.959307,0.036844,0.138438,0.078317,0.987269,-0.512082,0.482813,-0.710395,-0.724812,-0.686684,0.055776,-0.460888,0.543466,0.701588,1.0
174,-0.949457,-0.271457,0.157613,0.280265,-0.959239,0.036211,0.141359,0.078554,0.986836,-0.510273,0.483153,-0.711466,-0.725199,-0.686419,0.053978,-0.462285,0.543498,0.700644,1.0
175,-0.949453,-0.271452,0.157647,0.280301,-0.959218,0.036482,0.141315,0.078827,0.986821,-0.510402,0.483183,-0.711352,-0.725263,-0.686334,0.054194,-0.462041,0.543579,0.700742,1.0
176,-0.948737,-0.271093,0.162495,0.28001,-0.959383,0.034301,0.146597,0.078043,0.986112,-0.508486,0.483497,-0.71251,-0.725549,-0.68619,0.052156,-0.4637,0.543482,0.699719,1.0
177,-0.948864,-0.270739,0.162347,0.27964,-0.959492,0.0343,0.146484,0.077945,0.986137,-0.50869,0.483438,-0.712405,-0.725489,-0.686239,0.052352,-0.463572,0.543473,0.699812,1.0
178,-0.948847,-0.270727,0.162465,0.279655,-0.959483,0.034421,0.146564,0.078095,0.986113,-0.506565,0.48373,-0.713719,-0.725707,-0.686183,0.050006,-0.465553,0.543283,0.698643,1.0
179,-0.948869,-0.270655,0.162459,0.279588,-0.959501,0.034459,0.146553,0.078119,0.986112,-0.506595,0.483718,-0.713706,-0.725693,-0.686196,0.05003,-0.465542,0.543277,0.698654,1.0
180,-0.948789,-0.270807,0.162674,0.27977,-0.959445,0.034537,0.146724,0.07828,0.986074,-0.506762,0.483634,-0.713645,-0.725593,-0.686293,0.050148,-0.465516,0.543229,0.698709,1.0
181,-0.94922,-0.270798,0.160153,0.279776,-0.959389,0.036015,0.143896,0.078993,0.986434,-0.505015,0.483754,-0.714801,-0.725604,-0.686429,0.048094,-0.467394,0.542951,0.697671,1.0
182,-0.949781,-0.270489,0.157325,0.279461,-0.959421,0.037588,0.140774,0.079666,0.986831,-0.505045,0.483755,-0.714779,-0.725607,-0.686422,0.048132,-0.467357,0.542958,0.69769,1.0
183,-0.949788,-0.270527,0.157217,0.27962,-0.959337,0.038503,0.140408,0.080531,0.986812,-0.50301,0.483998,-0.716048,-0.725751,-0.686427,0.04585,-0.469324,0.542736,0.696542,1.0
184,-0.949542,-0.271173,0.157587,0.280488,-0.959032,0.0398,0.140338,0.081993,0.986702,-0.500608,0.484421,-0.717444,-0.726102,-0.68622,0.043311,-0.471345,0.54262,0.695267,1.0
185,-0.949279,-0.271865,0.157979,0.281456,-0.958677,0.041458,0.14018,0.08382,0.986571,-0.500856,0.484313,-0.717344,-0.725978,-0.686339,0.043504,-0.471272,0.542565,0.695358,1.0
186,-0.949214,-0.272055,0.158044,0.281762,-0.958554,0.042219,0.140008,0.084606,0.986528,-0.500899,0.484294,-0.717327,-0.725956,-0.68636,0.043537,-0.471261,0.542556,0.695374,1.0
187,-0.949116,-0.27233,0.15816,0.2822,-0.958378,0.043286,0.139789,0.085716,0.986464,-0.501098,0.484235,-0.717227,-0.725898,-0.686409,0.043727,-0.471138,0.542546,0.695464,1.0
188,-0.948665,-0.27338,0.159046,0.28344,-0.957979,0.043997,0.140335,0.086819,0.986289,-0.501511,0.484139,-0.717004,-0.725818,-0.686467,0.044156,-0.470823,0.542559,0.695667,1.0
189,-0.95139,-0.262625,0.160885,0.272951,-0.960953,0.045456,0.142665,0.08716,0.985925,-0.499424,0.484454,-0.718246,-0.726054,-0.686359,0.041907,-0.472673,0.542415,0.694524,1.0
190,-0.952449,-0.257831,0.162363,0.268359,-0.962207,0.046261,0.1443,0.087633,0.985645,-0.497453,0.484769,-0.719401,-0.726302,-0.68622,0.039815,-0.474367,0.542309,0.693451,1.0
191,-0.953725,-0.252455,0.163322,0.263117,-0.963619,0.046962,0.145525,0.087762,0.985453,-0.495346,0.485111,-0.720623,-0.726565,-0.686068,0.03758,-0.476167,0.542195,0.692306,1.0
192,-0.95633,-0.241372,0.164834,0.252254,-0.966453,0.048312,0.147643,0.087782,0.985136,-0.495514,0.485042,-0.720554,-0.726486,-0.686144,0.037716,-0.47611,0.542162,0.692371,1.0
193,-0.956363,-0.241217,0.16487,0.252106,-0.966491,0.048342,0.147685,0.087798,0.985129,-0.495521,0.485011,-0.72057,-0.72644,-0.686195,0.037685,-0.476174,0.542125,0.692356,1.0
194,-0.957697,-0.235389,0.165551,0.246372,-0.967936,0.048977,0.148714,0.087692,0.984983,-0.49539,0.484966,-0.72069,-0.726347,-0.686306,0.037451,-0.476452,0.542024,0.692243,1.0
195,-0.959162,-0.22609,0.169971,0.23869,-0.969392,0.057493,0.15177,0.095716,0.98377,-0.495083,0.48496,-0.720906,-0.726284,-0.686395,0.037032,-0.476868,0.541917,0.692041,1.0
196,-0.959343,-0.224412,0.171171,0.237554,-0.969498,0.060338,0.15241,0.098547,0.983391,-0.494898,0.485003,-0.721003,-0.726318,-0.686369,0.03684,-0.477008,0.541911,0.69195,1.0
197,-0.959684,-0.222511,0.171738,0.235999,-0.969752,0.062326,0.152676,0.100343,0.983168,-0.494846,0.485035,-0.721018,-0.726358,-0.686328,0.036813,-0.477,0.541934,0.691937,1.0
198,-0.960291,-0.217124,0.175207,0.230769,-0.971066,0.061435,0.156799,0.099427,0.982612,-0.494608,0.485138,-0.721111,-0.726476,-0.686213,0.036629,-0.477067,0.541988,0.691848,1.0
199,-0.960283,-0.217126,0.175246,0.230727,-0.971095,0.061133,0.156907,0.099139,0.982624,-0.494502,0.485183,-0.721154,-0.726529,-0.686161,0.036547,-0.477097,0.542012,0.691808,1.0
200,-0.959908,-0.218059,0.176137,0.231659,-0.970913,0.060493,0.157823,0.098872,0.982504,-0.494398,0.485229,-0.721195,-0.726581,-0.686111,0.036466,-0.477126,0.542036,0.69177,1.0
201,-0.959391,-0.219332,0.177371,0.232931,-0.970664,0.059617,0.159091,0.098512,0.982336,-0.494304,0.485287,-0.72122,-0.726656,-0.686034,0.036417,-0.477109,0.542081,0.691747,1.0
202,-0.959108,-0.21998,0.178097,0.233502,-0.970586,0.058643,0.159958,0.097831,0.982263,-0.494208,0.48532,-0.721264,-0.72669,-0.686004,0.036331,-0.477158,0.54209,0.691706,1.0
203,-0.958837,-0.220627,0.178757,0.234134,-0.970466,0.058102,0.160659,0.097563,0.982175,-0.494187,0.485329,-0.721272,-0.7267,-0.685993,0.036315,-0.477164,0.542095,0.691698,1.0
204,-0.958155,-0.222273,0.180365,0.235788,-0.970128,0.057036,0.1623,0.097177,0.981944,-0.494042,0.485401,-0.721323,-0.726786,-0.685908,0.036215,-0.477183,0.542139,0.69165,1.0
205,-0.957322,-0.227644,0.178079,0.239484,-0.969722,0.047797,0.161807,0.088404,0.982854,-0.493655,0.485569,-0.721475,-0.726978,-0.68572,0.035915,-0.477291,0.542227,0.691507,1.0
206,-0.956987,-0.231468,0.174919,0.241808,-0.969498,0.040013,0.160322,0.080588,0.983768,-0.493544,0.485607,-0.721525,-0.727019,-0.685682,0.035818,-0.477344,0.54224,0.69146,1.0
207,-0.957121,-0.236653,0.167075,0.244787,-0.969125,0.029592,0.154914,0.069221,0.985499,-0.493146,0.485779,-0.721681,-0.727215,-0.685489,0.03551,-0.477455,0.54233,0.691313,1.0
208,-0.95661,-0.240788,0.164061,0.247506,-0.968647,0.021503,0.15374,0.061176,0.986215,-0.492733,0.485958,-0.721843,-0.727419,-0.685289,0.035191,-0.47757,0.542423,0.69116,1.0
209,-0.956024,-0.244306,0.162269,0.25002,-0.968116,0.015459,0.153319,0.05535,0.986625,-0.492582,0.486032,-0.721896,-0.727509,-0.685199,0.035086,-0.47759,0.542469,0.69111,1.0
210,-0.955731,-0.245973,0.161477,0.251224,-0.967846,0.012626,0.153179,0.052634,0.986795,-0.492424,0.48611,-0.721951,-0.727601,-0.685107,0.034976,-0.477613,0.542516,0.691058,1.0
211,-0.955393,-0.246665,0.162417,0.251943,-0.967662,0.012413,0.154103,0.052778,0.986643,-0.492321,0.486154,-0.721992,-0.727652,-0.685057,0.034896,-0.477642,0.542539,0.691019,1.0
212,-0.955084,-0.247381,0.163145,0.252629,-0.967489,0.011911,0.154895,0.052591,0.986529,-0.492222,0.486188,-0.722036,-0.727686,-0.685025,0.034808,-0.477691,0.542549,0.690977,1.0
213,-0.954892,-0.247837,0.163574,0.253085,-0.967372,0.011727,0.155331,0.052596,0.98646,-0.492235,0.486191,-0.722025,-0.727694,-0.685016,0.03483,-0.477665,0.542558,0.690988,1.0
214,-0.954599,-0.248539,0.164223,0.253779,-0.967194,0.011396,0.156003,0.052555,0.986357,-0.492283,0.486179,-0.722001,-0.727685,-0.685023,0.034879,-0.47763,0.54256,0.691011,1.0
215,-0.955101,-0.248302,0.16164,0.253544,-0.967245,0.012315,0.153288,0.052744,0.986772,-0.492238,0.486189,-0.722025,-0.727693,-0.685017,0.034832,-0.477665,0.542558,0.690988,1.0
216,-0.955986,-0.248132,0.156592,0.253419,-0.967248,0.014428,0.147883,0.053476,0.987557,-0.492133,0.486234,-0.722066,-0.727744,-0.684967,0.034752,-0.477694,0.542582,0.690949,1.0
217,-0.956335,-0.248264,0.154229,0.25361,-0.967179,0.015692,0.145271,0.054121,0.98791,-0.492112,0.486243,-0.722074,-0.727754,-0.684957,0.034735,-0.4777,0.542587,0.690941,1.0
218,-0.956115,-0.248865,0.154622,0.254272,-0.967001,0.015912,0.145559,0.05453,0.987845,-0.492091,0.486252,-0.722083,-0.727765,-0.684946,0.034719,-0.477706,0.542591,0.690934,1.0
219,-0.955737,-0.24988,0.155325,0.255326,-0.966724,0.015836,0.1462,0.054793,0.987736,-0.492104,0.486256,-0.722071,-0.727773,-0.684936,0.034741,-0.477681,0.542601,0.690944,1.0
220,-0.956052,-0.250127,0.152969,0.255627,-0.966624,0.017087,0.14359,0.055439,0.988082,-0.492107,0.486245,-0.722076,-0.727757,-0.684954,0.034731,-0.477702,0.542588,0.690939,1.0
221,-0.956004,-0.251335,0.151279,0.25692,-0.966259,0.018257,0.141587,0.056321,0.988321,-0.49212,0.48624,-0.722072,-0.727751,-0.68496,0.034741,-0.477698,0.542585,0.690944,1.0
222,-0.955364,-0.253074,0.152419,0.258701,-0.96579,0.017958,0.14266,0.056587,0.988152,-0.49194,0.486316,-0.722142,-0.727839,-0.684873,0.034603,-0.477748,0.542627,0.690877,1.0
223,-0.955123,-0.25374,0.15282,0.259382,-0.965609,0.017849,0.143036,0.056687,0.988092,-0.491791,0.486381,-0.722201,-0.727913,-0.684801,0.034487,-0.47779,0.542661,0.690822,1.0
224,-0.95513,-0.254805,0.150994,0.260559,-0.965264,0.019294,0.140833,0.057771,0.988346,-0.491601,0.486462,-0.722276,-0.728006,-0.684709,0.034341,-0.477843,0.542704,0.690751,1.0
225,-0.954876,-0.255471,0.151477,0.261323,-0.965049,0.019726,0.141144,0.05842,0.988263,-0.49166,0.486446,-0.722247,-0.727992,-0.684722,0.034398,-0.477806,0.542702,0.690779,1.0
226,-0.954392,-0.256981,0.151973,0.262783,-0.964666,0.019062,0.141705,0.058128,0.9882,-0.491768,0.486418,-0.722192,-0.727968,-0.684742,0.034507,-0.477731,0.542702,0.690831,1.0
