,r1,r2,r3,r4,r5,r6,r7,r8,r9,r10,r11,r12,r13,r14,r15,r16,r17,r18,status
0,0.505813,-0.622441,0.597259,0.510069,0.774164,0.374832,-0.695688,0.115048,0.709071,0.648086,-0.619193,-0.443376,0.751231,0.615362,0.238702,0.125034,-0.487778,0.863966,1.0
1,0.505813,-0.621813,0.597914,0.510005,0.774568,0.374083,-0.695735,0.115723,0.708915,0.667488,-0.595501,-0.447031,0.729825,0.642288,0.234137,0.147694,-0.482539,0.863332,1.0
2,0.503834,-0.622437,0.598935,0.509161,0.774111,0.376172,-0.697785,0.115426,0.706945,0.673022,-0.587525,-0.449282,0.722912,0.650932,0.231697,0.156325,-0.480729,0.862821,1.0
3,0.500171,-0.623556,0.600838,0.508072,0.773206,0.379493,-0.701206,0.115458,0.703547,0.683713,-0.570875,-0.454574,0.708392,0.668809,0.225553,0.175261,-0.47623,0.861676,1.0
4,0.496595,-0.624371,0.602954,0.507418,0.772425,0.38195,-0.704216,0.116276,0.700399,0.697101,-0.544661,-0.466254,0.689033,0.688701,0.225664,0.198199,-0.478575,0.855383,1.0
5,0.493063,-0.625442,0.604739,0.5062,0.771576,0.385269,-0.707565,0.116157,0.697034,0.70104,-0.533692,-0.472984,0.682729,0.693857,0.229002,0.205967,-0.48346,0.850789,1.0
6,0.487538,-0.626466,0.608149,0.50416,0.770677,0.389716,-0.712831,0.116603,0.691574,0.701007,-0.521014,-0.486961,0.679279,0.695761,0.233444,0.217181,-0.494429,0.841647,1.0
7,0.481988,-0.62748,0.611519,0.502272,0.769751,0.39396,-0.71792,0.117265,0.686176,0.701734,-0.508314,-0.499184,0.674707,0.699157,0.236534,0.228774,-0.502788,0.833586,1.0
8,0.478963,-0.6281,0.613257,0.501221,0.769204,0.39636,-0.720674,0.117536,0.683237,0.703923,-0.501355,-0.503125,0.671341,0.70094,0.240799,0.231935,-0.507272,0.829988,1.0
9,0.47268,-0.629293,0.616897,0.499057,0.768119,0.401165,-0.726301,0.118245,0.677128,0.706667,-0.491356,-0.509107,0.666463,0.703866,0.245761,0.237587,-0.512972,0.82487,1.0
10,0.467443,-0.629779,0.620382,0.497195,0.767551,0.404552,-0.730953,0.119346,0.67191,0.705834,-0.490227,-0.511347,0.667235,0.702522,0.247507,0.237898,-0.515887,0.82296,1.0
11,0.462102,-0.630593,0.623549,0.495194,0.766776,0.408457,-0.735692,0.120029,0.666594,0.719748,-0.480001,-0.501558,0.657824,0.702439,0.271745,0.221876,-0.525525,0.821336,1.0
12,0.459615,-0.630863,0.625111,0.494178,0.766498,0.410205,-0.73793,0.12038,0.664053,0.728471,-0.473416,-0.495183,0.651991,0.701004,0.288964,0.210325,-0.533357,0.819324,1.0
13,0.455934,-0.631387,0.627275,0.493006,0.765951,0.412631,-0.740991,0.121118,0.6605,0.735807,-0.46869,-0.488791,0.651027,0.688278,0.320057,0.186417,-0.553717,0.81157,1.0
14,0.450125,-0.633005,0.629834,0.490633,0.764643,0.417851,-0.7461,0.120932,0.654758,0.746789,-0.451001,-0.488777,0.641108,0.683645,0.348724,0.176875,-0.573782,0.799679,1.0
15,0.448252,-0.633309,0.630863,0.489868,0.764364,0.419257,-0.747729,0.121107,0.652865,0.753595,-0.438066,-0.490093,0.632365,0.68669,0.358567,0.179466,-0.580132,0.794504,1.0
16,0.444387,-0.633775,0.633125,0.487856,0.763962,0.422323,-0.751342,0.121199,0.648687,0.762896,-0.417415,-0.493713,0.619543,0.690292,0.373715,0.184812,-0.590982,0.785228,1.0
17,0.444449,-0.631972,0.634882,0.487065,0.765296,0.420819,-0.751819,0.122197,0.647947,0.763161,-0.410356,-0.49919,0.620821,0.67998,0.390137,0.179344,-0.607646,0.773693,1.0
18,0.444377,-0.630875,0.636023,0.48598,0.766191,0.420445,-0.752564,0.122258,0.64707,0.762515,-0.395187,-0.512247,0.618194,0.678554,0.396735,0.190803,-0.619185,0.76171,1.0
19,0.446214,-0.629864,0.635738,0.486634,0.766948,0.418302,-0.751052,0.12272,0.648736,0.758231,-0.39204,-0.520949,0.62207,0.67426,0.397996,0.195226,-0.62584,0.755122,1.0
20,0.446255,-0.629214,0.636353,0.486076,0.767471,0.417991,-0.751389,0.122785,0.648333,0.746387,-0.383664,-0.54379,0.630212,0.670043,0.392267,0.213864,-0.635486,0.741901,1.0
21,0.44619,-0.62781,0.637784,0.485349,0.768504,0.416938,-0.751897,0.123514,0.647606,0.740245,-0.386242,-0.550321,0.637104,0.664462,0.390626,0.214792,-0.639771,0.73794,1.0
22,0.44551,-0.627141,0.638916,0.484593,0.768991,0.416918,-0.752787,0.123873,0.646502,0.744126,-0.385187,-0.545808,0.63339,0.666513,0.393161,0.212348,-0.638271,0.739944,1.0
23,0.442804,-0.62693,0.641001,0.482915,0.769115,0.418634,-0.755458,0.124177,0.643321,0.745891,-0.383216,-0.544784,0.630485,0.66997,0.391953,0.214787,-0.635833,0.741337,1.0
24,0.443128,-0.627353,0.640363,0.482499,0.768941,0.419431,-0.755533,0.123113,0.643437,0.747478,-0.381551,-0.543776,0.627964,0.67283,0.3911,0.216645,-0.633811,0.742527,1.0
25,0.447148,-0.623401,0.641427,0.477819,0.772696,0.417886,-0.756139,0.11963,0.643382,0.747771,-0.379641,-0.544711,0.626907,0.673928,0.390907,0.218692,-0.633792,0.741943,1.0
26,0.44609,-0.624467,0.641127,0.476993,0.772021,0.420072,-0.757285,0.118423,0.642257,0.745926,-0.374897,-0.550495,0.626363,0.675841,0.388468,0.226412,-0.634578,0.738949,1.0
27,0.44304,-0.626585,0.641175,0.475316,0.770574,0.424604,-0.760124,0.116644,0.639221,0.745386,-0.368799,-0.555324,0.62464,0.677374,0.388572,0.232858,-0.636514,0.735272,1.0
28,0.439296,-0.627119,0.643226,0.473326,0.770144,0.427597,-0.763531,0.116614,0.635153,0.74106,-0.362319,-0.56529,0.624061,0.682314,0.380781,0.247741,-0.634958,0.731745,1.0
29,0.439425,-0.626194,0.644038,0.473177,0.770794,0.42659,-0.763549,0.117291,0.635007,0.734303,-0.362987,-0.573619,0.628568,0.682664,0.372655,0.25632,-0.6342,0.729444,1.0
30,0.435572,-0.625981,0.646856,0.470503,0.770953,0.429251,-0.767399,0.117379,0.630332,0.734252,-0.357971,-0.576827,0.627082,0.683147,0.374269,0.26008,-0.636526,0.726079,1.0
31,0.433451,-0.625998,0.648264,0.469414,0.770893,0.43055,-0.769266,0.117682,0.627996,0.738249,-0.349287,-0.577049,0.621997,0.683496,0.382035,0.260972,-0.640961,0.721846,1.0
32,0.433539,-0.625581,0.648607,0.46955,0.771158,0.429926,-0.769133,0.118164,0.628069,0.742428,-0.339973,-0.57725,0.615132,0.68725,0.386393,0.265352,-0.641954,0.719362,1.0
33,0.430837,-0.624351,0.651586,0.468371,0.771878,0.429922,-0.771367,0.119958,0.624981,0.746806,-0.332305,-0.576066,0.609649,0.68818,0.393365,0.26572,-0.644966,0.716526,1.0
34,0.427507,-0.621729,0.65627,0.466149,0.773605,0.42923,-0.774559,0.122421,0.62054,0.744525,-0.331918,-0.579234,0.611311,0.687646,0.391715,0.268291,-0.645734,0.714875,1.0
35,0.422868,-0.611161,0.669076,0.462534,0.780486,0.420598,-0.779258,0.131613,0.612726,0.739115,-0.334281,-0.584776,0.61576,0.687229,0.385428,0.273034,-0.644958,0.713779,1.0
36,0.419143,-0.602493,0.679206,0.459563,0.785965,0.413594,-0.783019,0.138783,0.606315,0.739652,-0.335576,-0.583354,0.615475,0.687918,0.384653,0.27222,-0.64355,0.715359,1.0
37,0.41814,-0.590788,0.69002,0.45519,0.793634,0.403665,-0.786104,0.145302,0.600771,0.743455,-0.339679,-0.5761,0.613512,0.689303,0.38531,0.266226,-0.639906,0.720863,1.0
38,0.417357,-0.584243,0.69604,0.45033,0.798245,0.400007,-0.789313,0.146502,0.596256,0.74659,-0.339739,-0.571996,0.61149,0.68912,0.388834,0.262072,-0.64007,0.722237,1.0
39,0.414484,-0.581855,0.699747,0.447536,0.799827,0.399983,-0.79241,0.147376,0.591917,0.749383,-0.34016,-0.568079,0.609561,0.689452,0.391267,0.25857,-0.639488,0.724012,1.0
40,0.405914,-0.58133,0.705186,0.441485,0.800339,0.405646,-0.800202,0.146672,0.581517,0.766717,-0.341475,-0.543633,0.596783,0.691229,0.407492,0.236627,-0.636863,0.733765,1.0
41,0.399692,-0.583619,0.706848,0.436883,0.799192,0.412825,-0.80584,0.143807,0.574404,0.779483,-0.345874,-0.52228,0.586765,0.695078,0.415419,0.219343,-0.630268,0.744748,1.0
42,0.402606,-0.588293,0.701297,0.430718,0.797771,0.421951,-0.807706,0.132181,0.574576,0.783473,-0.352208,-0.511974,0.584266,0.698118,0.413839,0.211661,-0.623361,0.752741,1.0
43,0.412093,-0.586679,0.697127,0.416785,0.80175,0.428352,-0.810227,0.114032,0.574915,0.784564,-0.356639,-0.507214,0.584126,0.699507,0.411686,0.207977,-0.619271,0.757131,1.0
44,0.434656,-0.575995,0.692317,0.383419,0.813936,0.436459,-0.8149,0.075738,0.57463,0.786043,-0.363229,-0.500199,0.584162,0.701145,0.408839,0.20221,-0.613562,0.763315,1.0
45,0.466057,-0.557475,0.68703,0.347645,0.829451,0.437209,-0.813592,0.035079,0.580375,0.786893,-0.362545,-0.499358,0.583355,0.70092,0.410372,0.201232,-0.614223,0.763043,1.0
46,0.487409,-0.544754,0.682403,0.327103,0.838526,0.435749,-0.809589,0.010829,0.586896,0.786287,-0.362762,-0.500156,0.583969,0.700744,0.409801,0.201821,-0.614297,0.762828,1.0
47,0.528987,-0.531192,0.661821,0.293298,0.84625,0.444788,-0.796334,-0.041176,0.603453,0.784872,-0.355354,-0.50764,0.581196,0.706286,0.40419,0.214909,-0.612276,0.760875,1.0
48,0.554443,-0.517736,0.651568,0.267345,0.852234,0.449692,-0.788111,-0.075136,0.610929,0.778103,-0.347486,-0.523266,0.581867,0.71254,0.392066,0.236611,-0.609539,0.756621,1.0
49,0.562267,-0.512566,0.648946,0.257954,0.854296,0.451261,-0.785694,-0.086331,0.612561,0.771205,-0.347751,-0.533207,0.586841,0.712965,0.383792,0.246695,-0.608891,0.753917,1.0
50,0.566847,-0.510264,0.646772,0.25338,0.855016,0.452487,-0.783889,-0.092611,0.613954,0.771821,-0.347497,-0.532481,0.586206,0.713254,0.384226,0.246278,-0.608697,0.75421,1.0
51,0.584883,-0.494865,0.642666,0.235633,0.861815,0.449166,-0.776136,-0.111276,0.620668,0.77019,-0.345624,-0.536049,0.587159,0.712449,0.384265,0.249097,-0.610704,0.751658,1.0
52,0.605956,-0.489808,0.626821,0.228199,0.861873,0.452879,-0.762064,-0.131385,0.634031,0.769952,-0.343677,-0.537642,0.587096,0.711626,0.385882,0.249982,-0.612758,0.74969,1.0
53,0.61432,-0.4878,0.62021,0.226723,0.861992,0.453393,-0.755782,-0.137912,0.640135,0.76909,-0.342667,-0.539516,0.587799,0.710695,0.386529,0.250981,-0.614403,0.748008,1.0
54,0.628023,-0.475835,0.615765,0.220538,0.867662,0.445561,-0.74629,-0.144023,0.649852,0.764301,-0.340506,-0.547629,0.591373,0.708734,0.384674,0.25714,-0.61786,0.743052,1.0
55,0.637398,-0.46526,0.614211,0.211481,0.872144,0.441179,-0.740944,-0.151313,0.654297,0.755523,-0.352556,-0.552166,0.605709,0.697043,0.383726,0.249599,-0.624366,0.740179,1.0
56,0.634836,-0.465774,0.616471,0.209208,0.871687,0.443162,-0.743784,-0.152364,0.650822,0.742074,-0.369323,-0.559397,0.625272,0.682142,0.3791,0.241578,-0.631096,0.737127,1.0
57,0.634434,-0.464691,0.617701,0.208295,0.872337,0.442313,-0.744383,-0.151954,0.650233,0.738461,-0.379034,-0.55768,0.633547,0.673168,0.381394,0.230851,-0.634962,0.737245,1.0
58,0.633668,-0.462923,0.61981,0.206643,0.873373,0.44104,-0.745494,-0.151394,0.649089,0.73154,-0.395963,-0.555033,0.648033,0.656821,0.385536,0.211899,-0.641715,0.737088,1.0
59,0.635045,-0.460456,0.620239,0.20615,0.874825,0.438385,-0.744458,-0.150532,0.650477,0.724368,-0.409138,-0.554883,0.660236,0.643357,0.387528,0.198435,-0.647067,0.736156,1.0
60,0.636418,-0.458251,0.620465,0.205763,0.876106,0.436003,-0.743392,-0.149812,0.651861,0.71547,-0.428906,-0.551489,0.675992,0.624366,0.391409,0.176454,-0.652844,0.736653,1.0
61,0.628789,-0.465035,0.623189,0.213793,0.873959,0.436449,-0.747607,-0.141201,0.648957,0.703791,-0.467405,-0.534985,0.699383,0.588011,0.406331,0.124656,-0.660132,0.740732,1.0
62,0.629165,-0.466055,0.622047,0.219395,0.874237,0.433098,-0.745665,-0.136016,0.65229,0.708495,-0.47184,-0.524786,0.697719,0.579951,0.420528,0.105928,-0.664096,0.740104,1.0
63,0.631647,-0.464033,0.621042,0.2203,0.875493,0.430091,-0.743295,-0.134851,0.655229,0.711978,-0.472061,-0.51985,0.694816,0.580681,0.42431,0.101567,-0.6633,0.741428,1.0
64,-0.700522,-0.095764,0.707175,0.270804,-0.952506,0.13927,0.660252,0.289068,0.693185,-0.71743,0.244324,-0.65238,-0.583779,-0.72186,0.371643,-0.380126,0.647473,0.660516,0.0
65,-0.683111,-0.125271,0.719489,0.309861,-0.941822,0.130212,0.66132,0.311891,0.682187,-0.723898,0.226021,-0.651832,-0.556761,-0.749335,0.358486,-0.407416,0.622423,0.668282,0.0
66,-0.653349,-0.195784,0.731302,0.418941,-0.898094,0.133846,0.630573,0.393821,0.668791,-0.731805,0.193132,-0.653575,-0.502366,-0.800914,0.325827,-0.46053,0.566776,0.683136,0.0
67,-0.640363,-0.221542,0.735427,0.486016,-0.858302,0.164634,0.594745,0.462855,0.657299,-0.744264,0.154609,-0.649742,-0.436611,-0.848809,0.298149,-0.505411,0.505587,0.699243,0.0
68,-0.639848,-0.223205,0.735372,0.5064,-0.842223,0.184983,0.578058,0.490754,0.651926,-0.754932,0.117971,-0.645104,-0.372115,-0.887053,0.273252,-0.540006,0.44634,0.713564,0.0
69,-0.645266,-0.221397,0.731172,0.506041,-0.840873,0.191971,0.572322,0.493876,0.654623,-0.759857,0.10288,-0.641896,-0.345956,-0.899963,0.265291,-0.55039,0.423651,0.719436,0.0
70,-0.664175,-0.216349,0.715586,0.49876,-0.841269,0.208579,0.556875,0.495439,0.666656,-0.760214,0.027313,-0.649096,-0.252739,-0.932844,0.256753,-0.598494,0.35924,0.716065,0.0
71,-0.677703,-0.207533,0.705441,0.486204,-0.846176,0.218151,0.551655,0.49083,0.67436,-0.742894,-0.036508,-0.668412,-0.17364,-0.953825,0.245086,-0.646496,0.298136,0.702251,0.0
72,-0.680964,-0.205917,0.70277,0.483769,-0.846937,0.2206,0.549777,0.490199,0.67635,-0.73484,-0.060632,-0.675524,-0.141775,-0.960261,0.240413,-0.663257,0.272438,0.697042,0.0
73,-0.683994,-0.20415,0.700338,0.481689,-0.847379,0.223435,0.547838,0.490174,0.677939,-0.72094,-0.097711,-0.686073,-0.092386,-0.967621,0.234891,-0.686811,0.232726,0.68857,0.0
74,-0.683575,-0.203994,0.700792,0.482925,-0.846341,0.224698,0.547272,0.492028,0.677052,-0.682822,-0.158287,-0.71323,-0.010579,-0.974002,0.226288,-0.730507,0.16206,0.663396,0.0
75,-0.68285,-0.185486,0.706618,0.465569,-0.855867,0.225245,0.562992,0.482789,0.670786,-0.629957,-0.208426,-0.748138,0.064896,-0.974072,0.216725,-0.773913,0.087976,0.62715,0.0
76,-0.683163,-0.154359,0.713765,0.436669,-0.869762,0.229851,0.585327,0.468706,0.661593,-0.607155,-0.22603,-0.761755,0.100354,-0.972822,0.208672,-0.788219,0.050251,0.613338,0.0
77,-0.696365,-0.0781,0.713424,0.37978,-0.883575,0.273972,0.608967,0.46173,0.644952,-0.572303,-0.245608,-0.782396,0.157853,-0.969245,0.188798,-0.804705,-0.015455,0.593472,0.0
78,-0.727142,-0.026784,0.685963,0.35808,-0.867331,0.345709,0.585698,0.497009,0.640264,-0.535183,-0.245632,-0.808234,0.203179,-0.966132,0.159081,-0.819937,-0.079079,0.566965,0.0
79,-0.739224,-0.000778,0.673458,0.345578,-0.858742,0.378333,0.578033,0.512406,0.635072,-0.517222,-0.243634,-0.82044,0.226142,-0.96346,0.143539,-0.825433,-0.111295,0.553419,0.0
80,-0.738607,0.049687,0.672302,0.325417,-0.847115,0.420118,0.590392,0.529081,0.609516,-0.501602,-0.227723,-0.834587,0.248976,-0.961915,0.112826,-0.828495,-0.151199,0.539196,0.0
81,-0.699361,0.154369,0.697899,0.255824,-0.857658,0.446066,0.667418,0.490501,0.560321,-0.502244,-0.194253,-0.842624,0.240799,-0.967315,0.079471,-0.830521,-0.16299,0.532605,0.0
82,-0.640681,0.242313,0.728568,0.183589,-0.873024,0.4518,0.745535,0.423217,0.514844,-0.501868,-0.169789,-0.848114,0.233966,-0.970638,0.055869,-0.832698,-0.170391,0.526857,0.0
83,-0.619719,0.248476,0.744451,0.185004,-0.875576,0.446248,0.762706,0.414275,0.496643,-0.498699,-0.159467,-0.851979,0.228683,-0.972309,0.048132,-0.836063,-0.170831,0.521357,0.0
84,-0.588729,0.238909,0.772217,0.210814,-0.876882,0.432012,0.780355,0.417133,0.46588,-0.487484,-0.140211,-0.861799,0.22164,-0.974563,0.033185,-0.844531,-0.174832,0.50616,0.0
85,-0.547555,0.221789,0.80684,0.243709,-0.88016,0.407335,0.800492,0.419673,0.427885,-0.459336,-0.123415,-0.879646,0.214988,-0.976303,0.024713,-0.861852,-0.177763,0.474984,0.0
86,-0.520626,0.207859,0.828095,0.262764,-0.883825,0.387048,0.812344,0.419101,0.405525,-0.441529,-0.114061,-0.889967,0.198728,-0.979683,0.026966,-0.874962,-0.164956,0.455225,0.0
87,-0.457815,0.16375,0.873836,0.320288,-0.886513,0.333928,0.829349,0.432758,0.353412,-0.393987,-0.10841,-0.912699,0.185529,-0.981958,0.036548,-0.900195,-0.154933,0.406992,0.0
88,-0.397531,0.133431,0.907835,0.3557,-0.889601,0.286508,0.84584,0.436813,0.306182,-0.343659,-0.096017,-0.934172,0.168863,-0.984863,0.039106,-0.923787,-0.144308,0.354671,0.0
89,-0.343864,0.106357,0.932976,0.38363,-0.890954,0.242959,0.857079,0.441463,0.265565,-0.304816,-0.075625,-0.949403,0.154231,-0.987604,0.02915,-0.93984,-0.137542,0.312701,0.0
90,-0.321608,0.095235,0.942071,0.393855,-0.891319,0.22456,0.861072,0.44326,0.249146,-0.29023,-0.069232,-0.954449,0.165607,-0.985964,0.02116,-0.942518,-0.151923,0.297622,0.0
91,-0.301766,0.087782,0.949331,0.404204,-0.890049,0.210786,0.863455,0.447332,0.233105,-0.263664,-0.047161,-0.96346,0.204105,-0.978916,-0.007939,-0.942773,-0.198741,0.267731,0.0
92,-0.28467,0.084806,0.954866,0.41101,-0.889083,0.201496,0.866044,0.44982,0.218239,-0.237623,-0.0296,-0.970905,0.248989,-0.967995,-0.031427,-0.938902,-0.249213,0.237388,0.0
93,-0.269591,0.084104,0.959295,0.415599,-0.888466,0.19469,0.868675,0.451169,0.204569,-0.223484,-0.017434,-0.974551,0.269444,-0.961983,-0.04458,-0.936725,-0.27255,0.219685,0.0
94,-0.23173,0.088629,0.968733,0.426292,-0.885876,0.183022,0.8744,0.455375,0.167502,-0.185224,0.015412,-0.982575,0.325296,-0.942544,-0.076105,-0.927294,-0.333724,0.169568,0.0
95,-0.205682,0.10644,0.972812,0.43553,-0.880238,0.188395,0.87636,0.462439,0.134691,-0.133001,0.05758,-0.989441,0.387708,-0.915735,-0.105406,-0.912136,-0.397633,0.099469,0.0
96,-0.176926,0.131423,0.97541,0.441329,-0.875232,0.197977,0.87973,0.465504,0.09685,-0.085345,0.081368,-0.993022,0.448923,-0.886619,-0.111232,-0.889484,-0.455284,0.039141,0.0
97,-0.16444,0.142559,0.97603,0.446758,-0.871423,0.202549,0.879411,0.469357,0.079607,-0.067262,0.092725,-0.993417,0.475746,-0.872212,-0.113624,-0.877006,-0.480257,0.014553,0.0
98,-0.144055,0.15607,0.977184,0.455608,-0.866135,0.205498,0.878446,0.474816,0.053664,-0.04881,0.111045,-0.992615,0.499253,-0.85803,-0.120539,-0.86508,-0.50145,-0.013559,0.0
99,-0.139092,0.155822,0.977943,0.459018,-0.864901,0.203096,0.87747,0.477143,0.048776,-0.049212,0.116722,-0.991944,0.503079,-0.855068,-0.125575,-0.862837,-0.505207,-0.016641,0.0
100,-0.140219,0.152698,0.978274,0.459593,-0.865106,0.200908,0.87699,0.47778,0.051125,-0.049251,0.118517,-0.991729,0.502877,-0.854954,-0.127145,-0.862952,-0.50498,-0.017492,0.0
101,-0.141061,0.148159,0.978851,0.460753,-0.865303,0.197371,0.876246,0.478851,0.053795,-0.054834,0.119068,-0.99137,0.503211,-0.854262,-0.130434,-0.862421,-0.50602,-0.013074,0.0
102,-0.138311,0.13677,0.980899,0.461396,-0.867474,0.186013,0.876346,0.478311,0.056876,-0.066826,0.12908,-0.989379,0.504126,-0.851349,-0.145122,-0.86104,-0.50847,-0.008181,0.0
103,-0.139057,0.131112,0.981566,0.460679,-0.868848,0.181319,0.876605,0.477401,0.060419,-0.076259,0.137469,-0.987565,0.504139,-0.849205,-0.157139,-0.860248,-0.509854,-0.004545,0.0
104,-0.140007,0.132169,0.981289,0.460229,-0.868801,0.182682,0.87669,0.477194,0.06081,-0.081979,0.136941,-0.98718,0.503804,-0.848945,-0.159602,-0.859919,-0.51043,0.000604,0.0
105,-0.139826,0.132713,0.981242,0.459876,-0.868911,0.183052,0.876905,0.476845,0.060465,-0.090932,0.138378,-0.986195,0.503132,-0.848231,-0.165411,-0.859411,-0.511228,0.007509,0.0
106,-0.138814,0.132679,0.981389,0.459699,-0.869115,0.182523,0.877158,0.476481,0.059652,-0.097269,0.137019,-0.98578,0.502231,-0.84836,-0.167475,-0.859245,-0.51138,0.013704,0.0
107,-0.13686,0.13203,0.981751,0.459768,-0.869394,0.181013,0.877429,0.476152,0.058282,-0.100496,0.136181,-0.985573,0.501695,-0.848495,-0.168397,-0.859186,-0.51138,0.016948,0.0
108,-0.139382,0.133423,0.981208,0.458394,-0.869627,0.183366,0.877751,0.475338,0.06005,-0.100728,0.133629,-0.985898,0.500598,-0.849556,-0.166295,-0.859799,-0.51029,0.01868,0.0
109,-0.140671,0.134255,0.980911,0.45713,-0.870023,0.184634,0.878204,0.474377,0.061015,-0.101044,0.1364,-0.985486,0.499883,-0.849478,-0.16883,-0.860178,-0.509687,0.01765,0.0
110,-0.141236,0.134625,0.980779,0.456304,-0.870342,0.185175,0.878543,0.473687,0.061494,-0.10114,0.139645,-0.985022,0.49957,-0.849092,-0.171669,-0.860348,-0.509451,0.016114,0.0
111,-0.142451,0.135376,0.9805,0.454374,-0.871115,0.186286,0.879347,0.47205,0.06258,-0.102736,0.144773,-0.984116,0.499052,-0.848324,-0.176895,-0.86046,-0.509299,0.014903,0.0
112,-0.142168,0.13887,0.980052,0.453284,-0.871059,0.189179,0.879955,0.471137,0.060889,-0.104391,0.143387,-0.984145,0.498985,-0.848437,-0.176544,-0.860299,-0.509503,0.017021,0.0
113,-0.143121,0.13918,0.979869,0.451727,-0.871732,0.1898,0.880601,0.469798,0.061892,-0.103967,0.142146,-0.98437,0.493732,-0.851792,-0.175148,-0.863376,-0.504225,0.018376,0.0
114,-0.143557,0.139489,0.979762,0.451179,-0.871919,0.190243,0.88081,0.469359,0.062235,-0.103297,0.144859,-0.984045,0.488804,-0.854235,-0.17706,-0.866255,-0.499296,0.017432,0.0
115,-0.144658,0.140166,0.979503,0.450437,-0.872068,0.191315,0.88101,0.46888,0.063016,-0.105799,0.143815,-0.983932,0.483932,-0.856957,-0.177292,-0.868686,-0.494914,0.021068,0.0
116,-0.143366,0.139856,0.979737,0.450707,-0.872119,0.190446,0.881083,0.468878,0.061998,-0.105158,0.142332,-0.984216,0.478979,-0.860091,-0.175557,-0.871504,-0.489881,0.022271,0.0
117,-0.143929,0.140213,0.979604,0.450698,-0.871996,0.19103,0.880996,0.469,0.062312,-0.105203,0.141256,-0.984367,0.479009,-0.860262,-0.174641,-0.871483,-0.489893,0.022839,0.0
118,-0.143888,0.137399,0.980008,0.450508,-0.872647,0.188492,0.8811,0.468623,0.063664,-0.103823,0.144359,-0.984063,0.469169,-0.865303,-0.176437,-0.876983,-0.480011,0.02211,0.0
119,-0.142371,0.137301,0.980244,0.451169,-0.872469,0.187732,0.881008,0.468983,0.062268,-0.103535,0.146372,-0.983796,0.469575,-0.864746,-0.178077,-0.8768,-0.480404,0.020799,0.0
120,-0.137973,0.135756,0.981087,0.45251,-0.872492,0.184367,0.88102,0.46939,0.05895,-0.102967,0.146597,-0.983822,0.464508,-0.867519,-0.177883,-0.879562,-0.47531,0.02123,0.0
121,-0.135533,0.134829,0.981555,0.453179,-0.872552,0.182431,0.881055,0.469546,0.057158,-0.102976,0.145927,-0.98392,0.464664,-0.867554,-0.1773,-0.879478,-0.475451,0.02153,0.0
122,-0.13615,0.135145,0.981426,0.453359,-0.872335,0.183015,0.880867,0.469856,0.057499,-0.102707,0.147732,-0.983679,0.465205,-0.866962,-0.178775,-0.879223,-0.475975,0.020317,0.0
123,-0.136497,0.135308,0.981356,0.453453,-0.872221,0.183332,0.880766,0.470023,0.057699,-0.102119,0.14769,-0.983747,0.46028,-0.869675,-0.178344,-0.88188,-0.471012,0.020831,0.0
124,-0.137908,0.13271,0.981513,0.4529,-0.872859,0.181653,0.88083,0.469579,0.060269,-0.102146,0.146867,-0.983867,0.460426,-0.869743,-0.177633,-0.881801,-0.471143,0.021218,0.0
125,-0.137778,0.132763,0.981525,0.453258,-0.872671,0.181664,0.880667,0.469913,0.060059,-0.102255,0.145341,-0.984082,0.460549,-0.869941,-0.176339,-0.881724,-0.47125,0.022019,0.0
126,-0.135457,0.131755,0.981983,0.454184,-0.87259,0.179728,0.880549,0.470347,0.058358,-0.102386,0.144528,-0.984189,0.460451,-0.870127,-0.175679,-0.88176,-0.471159,0.02254,0.0
127,-0.135628,0.13178,0.981956,0.454437,-0.872433,0.179849,0.880392,0.47063,0.05844,-0.105147,0.144396,-0.983917,0.455428,-0.872556,-0.176723,-0.884041,-0.466685,0.025984,0.0
128,-0.135694,0.131782,0.981947,0.454567,-0.872357,0.17989,0.880315,0.470771,0.058469,-0.10491,0.143748,-0.984037,0.455585,-0.872611,-0.176042,-0.883988,-0.466782,0.026057,0.0
129,-0.135716,0.131694,0.981956,0.454897,-0.872195,0.179845,0.880141,0.471097,0.058463,-0.104921,0.143199,-0.984116,0.455513,-0.872746,-0.175558,-0.884024,-0.466698,0.02634,0.0
130,-0.126241,0.129733,0.983479,0.451525,-0.875243,0.173413,0.883281,0.465958,0.051914,-0.104776,0.145822,-0.983746,0.455468,-0.872312,-0.177815,-0.884064,-0.466697,0.02498,0.0
131,-0.12329,0.128442,0.984023,0.452107,-0.875435,0.170913,0.883401,0.465956,0.049863,-0.104822,0.145504,-0.983788,0.455451,-0.872375,-0.177554,-0.884067,-0.466679,0.025174,0.0
132,-0.117062,0.131614,0.984364,0.437575,-0.882948,0.17009,0.891529,0.450645,0.045769,-0.104902,0.144882,-0.983872,0.455419,-0.872496,-0.177038,-0.884075,-0.466646,0.025545,0.0
133,-0.113421,0.13062,0.984922,0.427634,-0.888379,0.167061,0.896807,0.440135,0.044903,-0.105118,0.143661,-0.984028,0.455245,-0.872786,-0.176051,-0.884138,-0.46648,0.026345,0.0
134,-0.108684,0.123769,0.98634,0.417094,-0.894977,0.158263,0.90234,0.428598,0.045646,-0.107832,0.144011,-0.983683,0.449962,-0.875238,-0.17746,-0.886513,-0.461756,0.029579,0.0
135,-0.103855,0.122382,0.987034,0.401185,-0.90293,0.154166,0.91009,0.411994,0.044676,-0.107683,0.143763,-0.983735,0.45004,-0.875256,-0.177172,-0.886492,-0.461799,0.029551,0.0
136,-0.100974,0.109242,0.988873,0.371891,-0.917755,0.139359,0.922768,0.381824,0.052043,-0.103376,0.144094,-0.984148,0.439891,-0.880801,-0.175169,-0.89208,-0.451027,0.027668,0.0
137,-0.104279,0.089202,0.990539,0.333589,-0.935135,0.119331,0.936933,0.342877,0.067758,-0.098466,0.13661,-0.985718,0.407872,-0.89797,-0.165192,-0.907714,-0.418313,0.032699,0.0
138,-0.107239,0.077915,0.991175,0.318713,-0.94162,0.108503,0.941765,0.327537,0.076145,-0.09755,0.128676,-0.986876,0.375136,-0.913711,-0.156217,-0.921822,-0.385452,0.040861,0.0
139,-0.115123,0.054156,0.991873,0.312485,-0.945845,0.087912,0.94292,0.320066,0.091965,-0.096407,0.105184,-0.989768,0.303206,-0.944035,-0.129857,-0.948035,-0.312623,0.059119,0.0
140,-0.11452,0.040472,0.992596,0.309957,-0.947834,0.074408,0.943828,0.316184,0.096002,-0.106289,0.072031,-0.991722,0.23159,-0.968149,-0.09514,-0.966988,-0.239786,0.086222,0.0
141,-0.113452,0.038332,0.992803,0.303802,-0.950055,0.071398,0.945955,0.309716,0.09614,-0.111254,0.054129,-0.992316,0.184996,-0.979934,-0.074195,-0.97642,-0.191829,0.099008,0.0
142,-0.114938,0.037472,0.992665,0.285536,-0.955869,0.069144,0.95145,0.291389,0.099166,-0.125588,0.020548,-0.991869,0.058293,-0.997905,-0.028054,-0.990368,-0.061342,0.124127,0.0
143,-0.691671,-0.634914,0.344199,0.720245,-0.64155,0.263928,0.053249,0.43046,0.901037,-0.571081,-0.360252,-0.73762,0.401561,-0.906307,0.131742,-0.715971,-0.220964,0.662238,0.0
144,-0.684334,-0.636639,0.355493,0.72815,-0.622407,0.287064,0.038505,0.455301,0.889504,-0.639387,-0.301035,-0.707502,0.344636,-0.934763,0.086277,-0.68732,-0.188667,0.701423,0.0
145,-0.672732,-0.64078,0.369906,0.739505,-0.598348,0.3084,0.023716,0.481018,0.876389,-0.69857,-0.237862,-0.674848,0.278718,-0.959094,0.049534,-0.659025,-0.153489,0.736292,0.0
146,-0.671741,-0.632354,0.385863,0.740573,-0.585703,0.329396,0.017706,0.507029,0.861746,-0.742086,-0.190107,-0.64278,0.241156,-0.970447,0.008604,-0.625421,-0.148626,0.766001,0.0
147,-0.673202,-0.625516,0.39437,0.739203,-0.583265,0.336717,0.0194,0.518198,0.855039,-0.759744,-0.165211,-0.628882,0.220572,-0.975316,-0.01025,-0.611666,-0.146501,0.777432,0.0
148,-0.671328,-0.618442,0.408468,0.740918,-0.574063,0.348556,0.018924,0.536637,0.8436,-0.789902,-0.120209,-0.601335,0.179963,-0.982862,-0.03992,-0.586231,-0.139751,0.797998,0.0
149,-0.657546,-0.627133,0.417536,0.753373,-0.553036,0.355778,0.007793,0.548501,0.836112,-0.814543,-0.081961,-0.574283,0.147154,-0.98678,-0.067887,-0.561128,-0.139805,0.815836,0.0
150,-0.6577,-0.624131,0.42177,0.753226,-0.551524,0.358427,0.008911,0.553426,0.83285,-0.824856,-0.06539,-0.561547,0.134208,-0.987542,-0.082143,-0.54918,-0.143121,0.823356,0.0
151,-0.647034,-0.631507,0.427254,0.762461,-0.536269,0.362033,0.000497,0.560012,0.828483,-0.841898,-0.02622,-0.538998,0.097345,-0.989811,-0.1039,-0.530783,-0.139943,0.835873,0.0
152,-0.635408,-0.645554,0.423692,0.772046,-0.521062,0.36392,-0.014161,0.558348,0.829485,-0.85362,0.007355,-0.520842,0.070808,-0.98898,-0.130015,-0.516059,-0.147863,0.843693,0.0
153,-0.620928,-0.666815,0.412075,0.782955,-0.502242,0.36706,-0.037799,0.550555,0.833942,-0.865804,0.038097,-0.498929,0.044166,-0.987387,-0.152038,-0.498428,-0.153671,0.853202,0.0
154,-0.613654,-0.675895,0.408158,0.788142,-0.493236,0.368168,-0.047524,0.547615,0.835378,-0.871408,0.056328,-0.487313,0.02671,-0.986463,-0.161787,-0.48983,-0.153999,0.858108,0.0
155,-0.604007,-0.68645,0.404921,0.794849,-0.481731,0.368985,-0.058226,0.54472,0.836593,-0.881202,0.082063,-0.46556,0.003412,-0.983687,-0.179851,-0.472725,-0.160074,0.866548,0.0
156,-0.600674,-0.689861,0.40408,0.797098,-0.477664,0.369418,-0.061833,0.543992,0.836808,-0.891499,0.116768,-0.437714,-0.029897,-0.979268,-0.200347,-0.452034,-0.165523,0.876508,0.0
157,-0.596855,-0.693376,0.403724,0.799699,-0.473224,0.369512,-0.065159,0.543403,0.836938,-0.89419,0.142874,-0.424276,-0.05337,-0.974969,-0.215838,-0.444494,-0.170357,0.879433,0.0
158,-0.589793,-0.700327,0.402102,0.804309,-0.464831,0.37016,-0.072324,0.541732,0.837433,-0.898588,0.187033,-0.396934,-0.093954,-0.965639,-0.242307,-0.428615,-0.180441,0.885284,0.0
159,-0.58579,-0.704829,0.400082,0.806968,-0.461457,0.36859,-0.075172,0.53877,0.839092,-0.899693,0.226039,-0.37344,-0.130736,-0.955749,-0.263535,-0.416485,-0.188279,0.889432,0.0
160,-0.582012,-0.709253,0.39777,0.809345,-0.457791,0.367948,-0.078873,0.536084,0.840471,-0.900362,0.255378,-0.352321,-0.160232,-0.947354,-0.277209,-0.404566,-0.193136,0.893881,0.0
161,-0.581389,-0.710668,0.396151,0.809843,-0.45857,0.365878,-0.078355,0.533538,0.842138,-0.899375,0.267124,-0.346076,-0.172377,-0.944161,-0.280794,-0.401758,-0.192884,0.895201,0.0
162,-0.580387,-0.712995,0.393431,0.810606,-0.459612,0.362869,-0.077898,0.529522,0.844711,-0.894918,0.287971,-0.340871,-0.193777,-0.938901,-0.284452,-0.401958,-0.188508,0.896043,0.0
163,-0.579424,-0.71482,0.391535,0.81124,-0.459577,0.361493,-0.078462,0.527087,0.84618,-0.887467,0.319518,-0.332128,-0.225124,-0.929374,-0.292542,-0.402144,-0.184852,0.89672,0.0
164,-0.578206,-0.716534,0.390199,0.812147,-0.459703,0.35929,-0.078068,0.524643,0.847734,-0.885008,0.332215,-0.326178,-0.237556,-0.924753,-0.297317,-0.400408,-0.185642,0.897334,0.0
165,-0.574753,-0.72137,0.386371,0.814788,-0.460604,0.352085,-0.07602,0.517172,0.852498,-0.875443,0.36638,-0.31522,-0.271686,-0.912444,-0.305993,-0.399731,-0.182238,0.898334,0.0
166,-0.571067,-0.726574,0.382062,0.817583,-0.46159,0.344225,-0.073748,0.508943,0.857634,-0.865331,0.394918,-0.308611,-0.300248,-0.901488,-0.31172,-0.401314,-0.177081,0.898659,0.0
167,-0.569349,-0.728942,0.38011,0.818832,-0.461678,0.341124,-0.073171,0.505465,0.859738,-0.859004,0.41092,-0.305377,-0.316426,-0.895038,-0.314293,-0.402474,-0.17335,0.898867,0.0
168,-0.566845,-0.732669,0.376671,0.820584,-0.461632,0.336953,-0.072992,0.50009,0.86289,-0.847405,0.437625,-0.300647,-0.343409,-0.883615,-0.318266,-0.404938,-0.166456,0.899064,0.0
169,-0.56438,-0.735924,0.374019,0.82229,-0.461159,0.333421,-0.07289,0.495729,0.865412,-0.834616,0.463642,-0.297407,-0.369854,-0.871809,-0.32118,-0.408195,-0.158064,0.899106,0.0
170,-0.562943,-0.73766,0.372761,0.823208,-0.460258,0.332398,-0.073631,0.493982,0.866348,-0.818622,0.496257,-0.289111,-0.402337,-0.854741,-0.327933,-0.409855,-0.152133,0.899373,0.0
171,-0.5622,-0.738399,0.372421,0.823688,-0.45969,0.331997,-0.073948,0.493407,0.866648,-0.810392,0.512647,-0.283649,-0.418576,-0.845346,-0.331937,-0.409949,-0.150271,0.899644,0.0
172,-0.559515,-0.741436,0.370426,0.825646,-0.459532,0.327319,-0.072464,0.488981,0.869278,-0.790849,0.548387,-0.271713,-0.453943,-0.823383,-0.34055,-0.410478,-0.145981,0.900109,0.0
173,-0.556827,-0.74478,0.367757,0.82767,-0.460169,0.321256,-0.070035,0.483266,0.872667,-0.771615,0.580283,-0.260539,-0.485269,-0.801829,-0.348687,-0.411245,-0.142621,0.900297,0.0
174,-0.556889,-0.74486,0.367502,0.827568,-0.459909,0.321891,-0.070746,0.48339,0.872541,-0.765669,0.591135,-0.253593,-0.49557,-0.793458,-0.353317,-0.410074,-0.144851,0.900475,0.0
175,-0.556751,-0.744894,0.367641,0.827571,-0.459141,0.322978,-0.071785,0.484068,0.87208,-0.762893,0.602082,-0.235563,-0.508934,-0.78396,-0.355517,-0.398723,-0.151335,0.904498,0.0
176,-0.55525,-0.745953,0.367764,0.828662,-0.458553,0.321008,-0.070818,0.482992,0.872755,-0.760938,0.61217,-0.214989,-0.521527,-0.77421,-0.358617,-0.385982,-0.160763,0.908389,0.0
177,-0.553564,-0.747381,0.367405,0.829879,-0.458081,0.31853,-0.069762,0.481229,0.873813,-0.760962,0.617267,-0.199794,-0.52571,-0.767099,-0.367676,-0.380217,-0.174754,0.908237,0.0
178,-0.552317,-0.748612,0.366776,0.8308,-0.458061,0.316148,-0.068666,0.479331,0.874943,-0.76209,0.616783,-0.196965,-0.525032,-0.766708,-0.369459,-0.378891,-0.178148,0.908132,0.0
179,-0.548806,-0.752281,0.364533,0.833377,-0.458173,0.309127,-0.065532,0.473444,0.878382,-0.761999,0.618119,-0.193093,-0.525837,-0.764633,-0.3726,-0.377957,-0.182386,0.90768,0.0
180,-0.546859,-0.754546,0.362774,0.834723,-0.457918,0.305853,-0.06466,0.470075,0.880254,-0.760763,0.620873,-0.189091,-0.528013,-0.761482,-0.37596,-0.377413,-0.186174,0.907137,0.0
181,-0.545911,-0.755682,0.361834,0.835377,-0.457821,0.304211,-0.064232,0.468341,0.881209,-0.759561,0.62245,-0.188737,-0.526797,-0.75891,-0.382804,-0.381511,-0.191338,0.904343,0.0
182,-0.543947,-0.757995,0.359949,0.836707,-0.457444,0.301107,-0.063581,0.464958,0.883046,-0.754901,0.629001,-0.185689,-0.530513,-0.752123,-0.390979,-0.385588,-0.19664,0.901473,0.0
183,-0.541156,-0.761423,0.356908,0.838654,-0.457534,0.295498,-0.061701,0.459234,0.886169,-0.755204,0.631842,-0.174474,-0.532938,-0.746829,-0.397773,-0.381632,-0.207416,0.900741,0.0
184,-0.53889,-0.764521,0.3537,0.840191,-0.457597,0.291002,-0.060625,0.453994,0.888939,-0.755544,0.633679,-0.166144,-0.534572,-0.742977,-0.402761,-0.378662,-0.215488,0.900099,0.0
185,-0.536929,-0.76694,0.351437,0.841558,-0.45777,0.286749,-0.059042,0.449719,0.891216,-0.755378,0.6341,-0.165286,-0.534913,-0.742376,-0.403416,-0.378511,-0.216319,0.899963,0.0
186,-0.534458,-0.770375,0.34767,0.843229,-0.45798,0.281455,-0.0576,0.443592,0.894375,-0.750924,0.639885,-0.163278,-0.54044,-0.737543,-0.404913,-0.379522,-0.215817,0.899658,0.0
187,-0.532715,-0.772634,0.345326,0.844337,-0.457487,0.278927,-0.057527,0.440161,0.896074,-0.750217,0.641351,-0.160754,-0.541737,-0.735624,-0.406666,-0.37907,-0.218001,0.899321,0.0
188,-0.531988,-0.773472,0.344569,0.844784,-0.4571,0.278205,-0.057682,0.439089,0.896589,-0.749991,0.641575,-0.160911,-0.541929,-0.735495,-0.406643,-0.379242,-0.217776,0.899304,0.0
189,-0.530049,-0.777194,0.33914,0.845997,-0.457441,0.273924,-0.057756,0.432106,0.899971,-0.749373,0.642264,-0.161043,-0.542524,-0.734991,-0.406761,-0.379614,-0.217447,0.899227,0.0
190,-0.527871,-0.78114,0.333422,0.847368,-0.457753,0.269124,-0.057599,0.424595,0.903548,-0.748345,0.643419,-0.161212,-0.543522,-0.734129,-0.406986,-0.380213,-0.216945,0.899095,0.0
191,-0.529174,-0.786022,0.319597,0.846097,-0.460407,0.268597,-0.063978,0.412545,0.908687,-0.746893,0.645365,-0.160166,-0.545211,-0.732262,-0.408088,-0.38065,-0.217474,0.898782,0.0
192,-0.531527,-0.786922,0.313419,0.844224,-0.462007,0.271725,-0.069025,0.409025,0.909908,-0.746649,0.645996,-0.158754,-0.545744,-0.73131,-0.409082,-0.380364,-0.218802,0.898581,0.0
193,-0.531541,-0.787218,0.312652,0.844192,-0.46215,0.271581,-0.069301,0.408295,0.910215,-0.743424,0.651341,-0.151898,-0.552187,-0.725889,-0.410089,-0.37737,-0.220994,0.899306,0.0
194,-0.531087,-0.788606,0.309913,0.844391,-0.462209,0.270861,-0.070358,0.405538,0.911365,-0.74419,0.651309,-0.148242,-0.553322,-0.725412,-0.409402,-0.374184,-0.222649,0.900229,0.0
195,-0.530919,-0.788651,0.310085,0.844491,-0.461986,0.270928,-0.070413,0.405705,0.911287,-0.744168,0.651289,-0.148439,-0.553222,-0.725443,-0.409482,-0.374376,-0.222604,0.90016,0.0
196,-0.531044,-0.790889,0.304114,0.844183,-0.462843,0.270427,-0.073121,0.400336,0.913445,-0.743943,0.651523,-0.148541,-0.553356,-0.725247,-0.409648,-0.374624,-0.222559,0.900068,0.0
197,-0.530411,-0.791409,0.303865,0.844591,-0.462461,0.269805,-0.073001,0.39975,0.913712,-0.743687,0.651806,-0.14858,-0.553591,-0.725025,-0.409725,-0.374786,-0.222455,0.900026,0.0
198,-0.529619,-0.792095,0.30346,0.845127,-0.462156,0.268646,-0.072548,0.398742,0.914188,-0.743697,0.651793,-0.14859,-0.553568,-0.725032,-0.409744,-0.374801,-0.222471,0.900016,0.0
199,-0.527225,-0.79417,0.302204,0.846772,-0.461417,0.264707,-0.07078,0.395458,0.915752,-0.743566,0.651933,-0.148629,-0.553677,-0.724923,-0.409788,-0.374899,-0.222413,0.89999,0.0
200,-0.52494,-0.796517,0.299994,0.848334,-0.461049,0.26031,-0.069029,0.391143,0.917737,-0.743434,0.652075,-0.148668,-0.553787,-0.724814,-0.409832,-0.374999,-0.222353,0.899963,0.0
201,-0.522862,-0.798656,0.297929,0.849698,-0.460433,0.25693,-0.068023,0.387489,0.91936,-0.743438,0.65206,-0.148714,-0.553728,-0.724814,-0.409913,-0.375078,-0.222399,0.899918,0.0
202,-0.521983,-0.799684,0.296711,0.85026,-0.460205,0.255476,-0.067752,0.385636,0.920159,-0.743472,0.652016,-0.148741,-0.553655,-0.724838,-0.409969,-0.37512,-0.222449,0.899889,0.0
203,-0.519321,-0.802541,0.293654,0.852014,-0.45963,0.250623,-0.066163,0.380351,0.922472,-0.743599,0.651862,-0.148776,-0.553474,-0.724946,-0.410021,-0.375132,-0.222548,0.899859,0.0
204,-0.518091,-0.803978,0.291891,0.852731,-0.458958,0.24941,-0.066555,0.378121,0.92336,-0.739567,0.65646,-0.148658,-0.557927,-0.721443,-0.410167,-0.376507,-0.220406,0.899812,0.0
205,-0.515979,-0.806084,0.289816,0.854095,-0.458272,0.245982,-0.065467,0.374452,0.924931,-0.739419,0.656619,-0.148694,-0.558052,-0.721317,-0.410218,-0.376613,-0.220344,0.899783,0.0
206,-0.515031,-0.807016,0.288908,0.854711,-0.457987,0.244367,-0.064892,0.37279,0.925643,-0.739388,0.65665,-0.148709,-0.558057,-0.721283,-0.41027,-0.376666,-0.220361,0.899757,0.0
207,-0.513671,-0.808295,0.287751,0.855569,-0.457398,0.242462,-0.064364,0.370737,0.926504,-0.739305,0.656729,-0.148773,-0.558036,-0.721187,-0.410467,-0.376859,-0.220439,0.899657,0.0
208,-0.512362,-0.809383,0.287025,0.856405,-0.456783,0.240665,-0.063682,0.369118,0.927198,-0.73924,0.656779,-0.148877,-0.557955,-0.721108,-0.410717,-0.377107,-0.220552,0.899525,0.0
209,-0.512305,-0.809386,0.287116,0.856419,-0.456594,0.240972,-0.063944,0.369343,0.92709,-0.73921,0.656806,-0.148909,-0.557943,-0.721076,-0.410788,-0.377183,-0.220576,0.899488,0.0
210,-0.511952,-0.80949,0.287454,0.856615,-0.456097,0.241216,-0.064155,0.369729,0.926921,-0.739231,0.656778,-0.148922,-0.557897,-0.72109,-0.410827,-0.377209,-0.220613,0.899467,0.0
211,-0.516474,-0.806412,0.288016,0.854059,-0.46078,0.241379,-0.061938,0.370649,0.926704,-0.739306,0.656696,-0.148913,-0.557826,-0.721154,-0.410811,-0.377168,-0.220648,0.899476,0.0
212,-0.522211,-0.802206,0.289413,0.850618,-0.465609,0.244246,-0.061182,0.373728,0.925517,-0.739307,0.656695,-0.148913,-0.557825,-0.721155,-0.410811,-0.377168,-0.220648,0.899476,0.0
213,-0.526688,-0.799109,0.289868,0.848031,-0.470409,0.244042,-0.058659,0.374352,0.925429,-0.739344,0.65665,-0.14893,-0.557774,-0.72119,-0.41082,-0.377172,-0.220668,0.89947,0.0
214,-0.532373,-0.794841,0.291215,0.844528,-0.475185,0.24692,-0.057881,0.377393,0.924242,-0.739441,0.656542,-0.148924,-0.557679,-0.721276,-0.410797,-0.377121,-0.220709,0.899481,0.0
215,-0.532213,-0.794932,0.291258,0.844639,-0.475103,0.246699,-0.057731,0.377305,0.924287,-0.739474,0.6565,-0.148945,-0.557619,-0.721303,-0.41083,-0.377144,-0.220744,0.899462,0.0
216,-0.532241,-0.794931,0.29121,0.844617,-0.475115,0.246751,-0.057792,0.377292,0.924289,-0.739588,0.656369,-0.148957,-0.557471,-0.721395,-0.41087,-0.37714,-0.220836,0.899442,0.0
217,-0.531109,-0.796043,0.290236,0.845423,-0.475065,0.244073,-0.056411,0.375002,0.925305,-0.739536,0.656417,-0.148999,-0.557478,-0.721348,-0.410942,-0.37723,-0.220844,0.899402,0.0
218,-0.530418,-0.796778,0.289483,0.845893,-0.474945,0.242674,-0.055868,0.37359,0.925909,-0.735647,0.660808,-0.148844,-0.561761,-0.717965,-0.411033,-0.378479,-0.218761,0.899386,0.0
219,-0.530104,-0.797092,0.289194,0.846088,-0.474752,0.242373,-0.055898,0.373166,0.926078,-0.735607,0.660847,-0.148865,-0.561772,-0.717927,-0.411085,-0.378539,-0.218769,0.899359,0.0
220,-0.530032,-0.797118,0.289254,0.846094,-0.474417,0.243006,-0.056478,0.373537,0.925893,-0.735574,0.660878,-0.148895,-0.561765,-0.717891,-0.411158,-0.378616,-0.218793,0.899321,0.0
221,-0.534709,-0.793906,0.289479,0.843267,-0.479155,0.243537,-0.05464,0.374329,0.925683,-0.735538,0.660912,-0.148924,-0.56176,-0.717854,-0.41123,-0.378693,-0.218816,0.899283,0.0
222,-0.534744,-0.793931,0.289345,0.84322,-0.479053,0.243901,-0.055029,0.374406,0.92563,-0.735522,0.660921,-0.148961,-0.561723,-0.717831,-0.41132,-0.378779,-0.21886,0.899236,0.0
223,-0.540174,-0.791138,0.286899,0.839751,-0.484432,0.245239,-0.055035,0.373396,0.926037,-0.735498,0.660943,-0.148981,-0.561719,-0.717807,-0.411368,-0.378831,-0.218875,0.89921,0.0
224,-0.540182,-0.791166,0.286808,0.839719,-0.48428,0.245649,-0.055454,0.373534,0.925957,-0.735351,0.661102,-0.149005,-0.561846,-0.717677,-0.411422,-0.37893,-0.218822,0.899182,0.0
225,-0.548394,-0.785645,0.286399,0.834721,-0.493815,0.243693,-0.050028,0.372703,0.9266,-0.735393,0.661056,-0.148998,-0.561807,-0.717712,-0.411414,-0.378906,-0.218843,0.899186,0.0
226,-0.547406,-0.786598,0.285673,0.835423,-0.493597,0.241722,-0.04913,0.370978,0.92734,-0.735398,0.661047,-0.149013,-0.561776,-0.717712,-0.411456,-0.378941,-0.218873,0.899164,0.0
