,r1,r2,r3,r4,r5,r6,r7,r8,r9,r10,r11,r12,r13,r14,r15,r16,r17,r18,status
0,0.276505,-0.960045,0.043091,0.601391,0.207834,0.771449,-0.749582,-0.187395,0.63483,0.910425,0.247812,-0.33123,0.101041,0.64324,0.758968,0.401142,-0.724452,0.560583,1.0
1,0.304657,-0.951881,0.033253,0.608743,0.221447,0.761835,-0.73254,-0.211856,0.646916,0.901338,0.25282,-0.351667,0.120952,0.632719,0.764877,0.415883,-0.731948,0.539715,1.0
2,0.341792,-0.939716,0.010512,0.616269,0.232565,0.752413,-0.709499,-0.250691,0.658607,0.904133,0.243646,-0.350969,0.135741,0.61509,0.776683,0.405114,-0.749866,0.523051,1.0
3,0.354376,-0.935102,-0.001021,0.622088,0.234937,0.746867,-0.698157,-0.265307,0.664972,0.907636,0.236492,-0.346794,0.141649,0.605153,0.783405,0.395133,-0.760171,0.51576,1.0
4,0.383855,-0.92324,-0.016782,0.62772,0.247572,0.738021,-0.677216,-0.293828,0.674568,0.908247,0.234379,-0.34663,0.148958,0.593025,0.791284,0.391021,-0.770315,0.503701,1.0
5,0.415466,-0.909184,-0.02778,0.629669,0.265429,0.730112,-0.656433,-0.320828,0.682762,0.904783,0.240119,-0.351724,0.153405,0.586688,0.795149,0.397283,-0.773394,0.49399,1.0
6,0.449512,-0.892518,-0.036727,0.630219,0.287732,0.721133,-0.633057,-0.347304,0.691821,0.905263,0.232237,-0.355756,0.164798,0.579858,0.797875,0.391585,-0.780916,0.486652,1.0
7,0.468233,-0.882753,-0.038787,0.627816,0.301479,0.717604,-0.621774,-0.360357,0.695369,0.907744,0.222412,-0.355712,0.17098,0.578146,0.797817,0.383098,-0.785034,0.486781,1.0
8,0.510563,-0.858437,-0.04908,0.62056,0.328371,0.712093,-0.595172,-0.394026,0.700366,0.910101,0.214639,-0.354464,0.175332,0.575598,0.798714,0.375464,-0.78906,0.48622,1.0
9,0.545837,-0.83627,-0.052088,0.609292,0.353477,0.7098,-0.575173,-0.419172,0.702474,0.919512,0.188664,-0.344822,0.184034,0.56853,0.801813,0.347315,-0.800736,0.48805,1.0
10,0.560787,-0.826276,-0.052774,0.604075,0.364725,0.708568,-0.566225,-0.429235,0.703666,0.923586,0.170205,-0.343537,0.193819,0.565833,0.801415,0.330789,-0.80676,0.489607,1.0
11,0.59738,-0.800122,-0.054237,0.593558,0.395651,0.70082,-0.539283,-0.450849,0.711273,0.929406,0.131028,-0.345013,0.217768,0.56005,0.799325,0.297958,-0.818031,0.491981,1.0
12,0.62766,-0.776357,-0.057549,0.586522,0.422985,0.690706,-0.511892,-0.467282,0.720842,0.932609,0.088204,-0.34994,0.243951,0.560488,0.791416,0.265943,-0.823451,0.501199,1.0
13,0.661153,-0.747752,-0.06118,0.578279,0.455954,0.676534,-0.477984,-0.482672,0.733865,0.927841,0.057974,-0.368441,0.269818,0.57768,0.770378,0.257503,-0.814201,0.520353,1.0
14,0.675977,-0.734058,-0.064905,0.574839,0.47014,0.669722,-0.461101,-0.490027,0.739769,0.924606,0.038716,-0.378951,0.28564,0.5877,0.756979,0.252017,-0.808151,0.532332,1.0
15,0.714509,-0.695375,-0.077006,0.557958,0.49996,0.662361,-0.422089,-0.516229,0.745216,0.918949,-0.00316,-0.39436,0.314838,0.608084,0.728772,0.237502,-0.793865,0.559793,1.0
16,0.745199,-0.660209,-0.093813,0.545059,0.522001,0.656067,-0.384171,-0.540035,0.748848,0.915595,-0.048128,-0.399208,0.338002,0.629893,0.699277,0.217804,-0.775188,0.592994,1.0
17,0.756381,-0.646394,-0.100303,0.539876,0.530303,0.65369,-0.36935,-0.548591,0.750085,0.915368,-0.069742,-0.396531,0.345744,0.640827,0.68542,0.206305,-0.76451,0.610705,1.0
18,0.777627,-0.617902,-0.116152,0.531511,0.547393,0.646417,-0.335843,-0.564408,0.75409,0.923029,-0.111899,-0.368096,0.344962,0.664342,0.663061,0.170347,-0.739004,0.651808,1.0
19,0.790985,-0.597187,-0.133077,0.529415,0.559017,0.638137,-0.306695,-0.57521,0.758335,0.925978,-0.152188,-0.345547,0.349996,0.689314,0.634309,0.141657,-0.708297,0.691555,1.0
20,0.794798,-0.590928,-0.138198,0.529406,0.563798,0.633924,-0.296688,-0.577005,0.760947,0.924455,-0.16894,-0.34182,0.356633,0.700261,0.618423,0.134887,-0.693609,0.707609,1.0
21,0.803011,-0.577349,-0.147784,0.528594,0.575464,0.624041,-0.275245,-0.57923,0.767288,0.917405,-0.198429,-0.344953,0.375585,0.718246,0.585711,0.131539,-0.666894,0.733449,1.0
22,0.811077,-0.563696,-0.156206,0.526303,0.586734,0.615424,-0.255261,-0.581368,0.772562,0.908826,-0.221008,-0.353819,0.395351,0.727005,0.561391,0.133157,-0.65009,0.748098,1.0
23,0.819011,-0.549854,-0.163952,0.523097,0.598126,0.607135,-0.235772,-0.583013,0.777499,0.905261,-0.226666,-0.359337,0.40205,0.730418,0.552127,0.137317,-0.644291,0.75235,1.0
24,0.819555,-0.548569,-0.165532,0.523604,0.599637,0.605205,-0.232738,-0.582672,0.778669,0.905668,-0.22202,-0.361208,0.399673,0.731402,0.55255,0.141512,-0.644792,0.751143,1.0
25,0.822479,-0.54331,-0.168347,0.521146,0.601237,0.605739,-0.227888,-0.585942,0.777649,0.90651,-0.21291,-0.364566,0.394456,0.734918,0.551633,0.150477,-0.643866,0.750194,1.0
26,0.828704,-0.532106,-0.17353,0.516348,0.607231,0.603865,-0.215947,-0.590028,0.777967,0.906813,-0.208325,-0.366454,0.391849,0.737044,0.550653,0.155379,-0.642935,0.749994,1.0
27,0.830075,-0.530168,-0.172905,0.515429,0.611069,0.600771,-0.212853,-0.587806,0.780497,0.907437,-0.203594,-0.367567,0.388528,0.739668,0.549486,0.160006,-0.641434,0.750305,1.0
28,0.832842,-0.524661,-0.17636,0.515781,0.620008,0.591235,-0.200853,-0.583369,0.786979,0.907578,-0.197114,-0.370738,0.385562,0.740861,0.549968,0.16626,-0.642082,0.748389,1.0
29,0.836249,-0.520196,-0.173443,0.512215,0.628121,0.585746,-0.19576,-0.57867,0.791718,0.909574,-0.182951,-0.373098,0.374857,0.748711,0.546729,0.179318,-0.637149,0.749589,1.0
30,0.838636,-0.517162,-0.170972,0.509457,0.633687,0.582145,-0.19272,-0.575311,0.794906,0.909246,-0.174013,-0.37814,0.370101,0.753726,0.543066,0.190514,-0.633731,0.749725,1.0
31,0.839503,-0.515725,-0.171058,0.508801,0.635673,0.580551,-0.190668,-0.57441,0.796051,0.909727,-0.169338,-0.379103,0.366637,0.756141,0.542059,0.194864,-0.632119,0.749968,1.0
32,0.841482,-0.512427,-0.171248,0.507497,0.640926,0.575899,-0.185349,-0.571517,0.799383,0.909106,-0.164888,-0.382538,0.364789,0.758522,0.539974,0.201129,-0.63044,0.749727,1.0
33,0.84345,-0.510151,-0.168332,0.504836,0.645585,0.573027,-0.183658,-0.5683,0.802061,0.908157,-0.157918,-0.3877,0.360877,0.764708,0.533843,0.212175,-0.624726,0.751464,1.0
34,0.843592,-0.510048,-0.167931,0.504421,0.64545,0.573544,-0.184145,-0.568545,0.801776,0.906128,-0.153988,-0.393978,0.360951,0.767107,0.53034,0.220558,-0.622763,0.750679,1.0
35,0.843897,-0.509882,-0.166904,0.503638,0.64568,0.573973,-0.184892,-0.568434,0.801684,0.903115,-0.148847,-0.402773,0.360575,0.772226,0.523117,0.233168,-0.617665,0.75108,1.0
36,0.844576,-0.50943,-0.164834,0.502074,0.646531,0.574385,-0.186039,-0.56787,0.801817,0.901393,-0.144038,-0.40834,0.358896,0.776127,0.518477,0.242244,-0.613904,0.751291,1.0
37,0.845202,-0.508996,-0.162958,0.500635,0.647302,0.574773,-0.187075,-0.567382,0.801922,0.900347,-0.142909,-0.411037,0.357216,0.782157,0.510516,0.248538,-0.60647,0.755262,1.0
38,0.845437,-0.508831,-0.162253,0.500092,0.647592,0.574919,-0.187463,-0.567199,0.801961,0.900145,-0.143136,-0.411398,0.356145,0.785632,0.505908,0.250794,-0.601908,0.75816,1.0
39,0.845903,-0.5085,-0.160855,0.499009,0.648155,0.575225,-0.188243,-0.566853,0.802023,0.898896,-0.153943,-0.410226,0.36212,0.788117,0.497735,0.246684,-0.595964,0.764181,1.0
40,0.846555,-0.508029,-0.1589,0.497497,0.648966,0.575619,-0.189311,-0.566346,0.802129,0.89947,-0.163311,-0.405318,0.365107,0.790511,0.491721,0.240105,-0.590272,0.770667,1.0
41,0.846894,-0.507783,-0.157877,0.496707,0.64939,0.575824,-0.189869,-0.566081,0.802185,0.899467,-0.167822,-0.403477,0.366768,0.791887,0.488257,0.237569,-0.587153,0.773828,1.0
42,0.847636,-0.50724,-0.155629,0.494964,0.650307,0.576289,-0.19111,-0.565515,0.802289,0.899664,-0.175947,-0.399558,0.36934,0.794723,0.481665,0.232791,-0.58091,0.779968,1.0
43,0.849193,-0.50595,-0.151274,0.492002,0.653953,0.574698,-0.191843,-0.562458,0.804261,0.900585,-0.179873,-0.395716,0.369817,0.795473,0.480059,0.228432,-0.578677,0.782912,1.0
44,0.851002,-0.504535,-0.145736,0.488387,0.658309,0.572805,-0.193061,-0.558634,0.806631,0.902429,-0.179388,-0.391715,0.367786,0.7943,0.483549,0.224397,-0.580436,0.782776,1.0
45,0.852021,-0.503364,-0.143818,0.486916,0.661074,0.57087,-0.192281,-0.556421,0.808345,0.903259,-0.179309,-0.389834,0.366901,0.79383,0.484992,0.222498,-0.581104,0.782823,1.0
46,0.853547,-0.500994,-0.143041,0.485556,0.665341,0.567058,-0.188922,-0.553466,0.811161,0.903643,-0.179658,-0.388782,0.366832,0.793192,0.486086,0.22105,-0.581866,0.782667,1.0
47,0.8549,-0.498682,-0.143038,0.484641,0.669294,0.563175,-0.185111,-0.550781,0.813862,0.905226,-0.179569,-0.385123,0.365079,0.792439,0.488627,0.217444,-0.582918,0.782894,1.0
48,0.855491,-0.497668,-0.143041,0.484248,0.671061,0.561409,-0.183406,-0.549547,0.815082,0.906094,-0.179443,-0.383134,0.364032,0.79212,0.489924,0.215575,-0.583391,0.783058,1.0
49,0.856333,-0.49629,-0.142785,0.483406,0.673065,0.559733,-0.181686,-0.548342,0.816278,0.907884,-0.179133,-0.37902,0.361805,0.791502,0.492566,0.211761,-0.584324,0.783403,1.0
50,0.857093,-0.495062,-0.142488,0.482638,0.674945,0.558128,-0.180137,-0.547139,0.817428,0.910984,-0.1803,-0.370943,0.358198,0.791707,0.494866,0.204454,-0.583686,0.785816,1.0
51,0.857244,-0.494879,-0.142222,0.482285,0.67494,0.55844,-0.18037,-0.547311,0.817261,0.911944,-0.180033,-0.368706,0.35689,0.791407,0.49629,0.202449,-0.584177,0.785971,1.0
52,0.857922,-0.493701,-0.142222,0.481736,0.676756,0.556714,-0.178601,-0.546131,0.818438,0.913969,-0.179424,-0.36396,0.354039,0.790877,0.499169,0.198285,-0.585081,0.78636,1.0
53,0.858653,-0.493468,-0.138576,0.479547,0.677979,0.557116,-0.180967,-0.544823,0.81879,0.915961,-0.180816,-0.358218,0.351788,0.791292,0.500102,0.193029,-0.58409,0.788402,1.0
54,0.858975,-0.493192,-0.137557,0.478731,0.678327,0.557393,-0.181593,-0.54464,0.818773,0.915759,-0.183543,-0.357346,0.353036,0.792164,0.497836,0.191703,-0.582054,0.790229,1.0
55,0.859142,-0.493046,-0.13704,0.478319,0.678522,0.55751,-0.181894,-0.544529,0.81878,0.915672,-0.185348,-0.356636,0.353738,0.792911,0.496145,0.190821,-0.580462,0.791612,1.0
56,0.859544,-0.492686,-0.135808,0.477327,0.678997,0.557782,-0.182598,-0.544263,0.818801,0.915391,-0.185493,-0.357281,0.354248,0.792747,0.496043,0.191221,-0.58064,0.791385,1.0
57,0.860004,-0.49227,-0.134396,0.476199,0.679577,0.55804,-0.183374,-0.543916,0.818858,0.915938,-0.185625,-0.355809,0.353687,0.792321,0.497123,0.189637,-0.581179,0.79137,1.0
58,0.8602,-0.492091,-0.133796,0.475719,0.679824,0.558149,-0.183702,-0.543769,0.818882,0.917981,-0.184931,-0.350872,0.350641,0.791849,0.500025,0.185368,-0.582043,0.791747,1.0
59,0.860613,-0.491713,-0.132522,0.474685,0.680304,0.558444,-0.184439,-0.543511,0.818888,0.921085,-0.183801,-0.343246,0.34583,0.791234,0.504331,0.178891,-0.583237,0.792358,1.0
60,0.861086,-0.491275,-0.131069,0.473489,0.680817,0.558835,-0.185308,-0.543265,0.818855,0.923179,-0.182954,-0.338033,0.342453,0.790863,0.507209,0.174542,-0.584005,0.792762,1.0
61,0.861533,-0.490858,-0.129683,0.472341,0.681286,0.559233,-0.186153,-0.543052,0.818804,0.926321,-0.181691,-0.330023,0.337288,0.790207,0.511672,0.167821,-0.585286,0.793268,1.0
62,0.861776,-0.490631,-0.128924,0.471723,0.681569,0.55941,-0.186593,-0.542903,0.818803,0.927274,-0.181352,-0.327526,0.335715,0.789993,0.513036,0.165703,-0.585681,0.793422,1.0
63,0.862223,-0.490207,-0.127548,0.470591,0.682081,0.55974,-0.187389,-0.542644,0.818793,0.928003,-0.18122,-0.325526,0.334532,0.78991,0.513935,0.164001,-0.585833,0.793664,1.0
64,0.862523,-0.489917,-0.126624,0.46983,0.682436,0.559946,-0.187914,-0.542459,0.818795,0.929727,-0.180685,-0.320871,0.331552,0.789901,0.515877,0.160245,-0.58601,0.794299,1.0
65,0.862699,-0.489747,-0.126084,0.469386,0.682646,0.560062,-0.188218,-0.542347,0.818799,0.930459,-0.180294,-0.318965,0.330125,0.790176,0.51637,0.158941,-0.58576,0.794747,1.0
66,0.863017,-0.48944,-0.125098,0.468581,0.68304,0.560256,-0.188764,-0.542129,0.818818,0.932749,-0.174449,-0.315507,0.322984,0.79317,0.516296,0.160184,-0.583479,0.796173,1.0
67,0.863326,-0.489143,-0.124123,0.467792,0.683426,0.560445,-0.18931,-0.541911,0.818836,0.933601,-0.16934,-0.315772,0.318355,0.796443,0.514127,0.164432,-0.580518,0.797471,1.0
68,0.863692,-0.488785,-0.122976,0.466832,0.683813,0.560773,-0.190005,-0.541744,0.818785,0.935058,-0.159115,-0.316774,0.309581,0.801864,0.51105,0.172694,-0.57593,0.799049,1.0
69,0.863891,-0.488591,-0.122347,0.466299,0.684,0.560988,-0.190409,-0.541684,0.818732,0.935507,-0.153005,-0.318457,0.305314,0.80368,0.510764,0.177788,-0.575053,0.798563,1.0
70,0.864285,-0.488201,-0.121121,0.465244,0.684352,0.561435,-0.191204,-0.541591,0.818608,0.936687,-0.14229,-0.319952,0.296437,0.808583,0.508249,0.186389,-0.570916,0.79957,1.0
71,0.864484,-0.488003,-0.120496,0.464684,0.684467,0.561758,-0.191664,-0.541623,0.818479,0.941806,-0.134507,-0.308071,0.283384,0.810641,0.5124,0.180814,-0.569884,0.801584,1.0
72,0.864608,-0.487879,-0.120105,0.46435,0.684586,0.561889,-0.191912,-0.541585,0.818447,0.94454,-0.128111,-0.302374,0.274768,0.812571,0.514033,0.179847,-0.568608,0.802707,1.0
73,0.865031,-0.487459,-0.118757,0.463248,0.685111,0.562158,-0.192668,-0.541299,0.818458,0.944514,-0.130154,-0.301582,0.275497,0.813875,0.511574,0.178866,-0.566274,0.804574,1.0
74,0.86535,-0.487144,-0.117717,0.462413,0.685534,0.562331,-0.193237,-0.541048,0.818489,0.943921,-0.130958,-0.303089,0.277085,0.813389,0.511489,0.179546,-0.566786,0.804062,1.0
75,0.865639,-0.486861,-0.116762,0.461652,0.685918,0.562488,-0.193764,-0.540816,0.818518,0.943909,-0.131791,-0.302762,0.277906,0.812253,0.512847,0.178331,-0.568221,0.803319,1.0
76,0.865732,-0.486772,-0.116448,0.4614,0.686028,0.562561,-0.193952,-0.540756,0.818513,0.944227,-0.13217,-0.301602,0.277817,0.811449,0.514165,0.176778,-0.56928,0.802912,1.0
77,0.865995,-0.486515,-0.115567,0.46069,0.686352,0.562747,-0.194465,-0.540577,0.81851,0.943222,-0.135695,-0.303178,0.281392,0.811414,0.512274,0.17649,-0.568501,0.803527,1.0
78,0.866314,-0.486198,-0.114503,0.459835,0.686766,0.562941,-0.195064,-0.540336,0.818526,0.942225,-0.14135,-0.303696,0.285795,0.812126,0.508697,0.174736,-0.566101,0.805602,1.0
79,0.866465,-0.486046,-0.114003,0.459435,0.686968,0.563022,-0.195339,-0.540216,0.81854,0.941816,-0.144071,-0.303685,0.287797,0.812395,0.507134,0.17365,-0.565027,0.80659,1.0
80,0.866681,-0.485828,-0.11329,0.458861,0.687256,0.563138,-0.195729,-0.540045,0.818559,0.941224,-0.15272,-0.301285,0.292514,0.81456,0.500925,0.168914,-0.559613,0.811357,1.0
81,0.867031,-0.485466,-0.112157,0.457937,0.687722,0.563322,-0.196341,-0.539778,0.818589,0.940924,-0.159762,-0.298556,0.296068,0.81604,0.496408,0.164327,-0.555476,0.815133,1.0
82,0.867276,-0.48521,-0.111365,0.457294,0.688062,0.563428,-0.196755,-0.539575,0.818623,0.940893,-0.16594,-0.295268,0.298669,0.817623,0.492227,0.159738,-0.551321,0.818857,1.0
83,0.867413,-0.485068,-0.110917,0.45693,0.688245,0.5635,-0.196998,-0.539469,0.818635,0.940886,-0.16813,-0.294048,0.299609,0.818056,0.490936,0.158008,-0.550014,0.820071,1.0
84,0.867663,-0.484808,-0.110094,0.456267,0.688595,0.56361,-0.197433,-0.539256,0.818671,0.941048,-0.171934,-0.291316,0.300845,0.819128,0.488385,0.154655,-0.547235,0.822565,1.0
85,0.867922,-0.484539,-0.10923,0.455564,0.68893,0.563769,-0.197916,-0.539069,0.818677,0.942157,-0.17032,-0.28867,0.297195,0.822725,0.48456,0.154966,-0.542323,0.825754,1.0
86,0.868058,-0.484399,-0.10877,0.455194,0.689115,0.563841,-0.198169,-0.538959,0.818688,0.941315,-0.172375,-0.290192,0.299322,0.82364,0.481686,0.155983,-0.54028,0.826901,1.0
87,0.867805,-0.484329,-0.111082,0.456325,0.688288,0.563938,-0.196676,-0.540078,0.818311,0.940875,-0.169832,-0.293104,0.297755,0.82722,0.476495,0.161538,-0.535596,0.828879,1.0
88,0.867887,-0.484256,-0.110755,0.456084,0.688409,0.563984,-0.196868,-0.539989,0.818324,0.94125,-0.168513,-0.292661,0.295249,0.831305,0.470913,0.163936,-0.529655,0.832219,1.0
89,0.868038,-0.484101,-0.110253,0.45568,0.688612,0.564064,-0.197143,-0.539869,0.818336,0.941482,-0.169935,-0.291087,0.295362,0.832018,0.469581,0.162391,-0.528078,0.833523,1.0
90,0.868401,-0.483728,-0.109024,0.454694,0.689105,0.564258,-0.197818,-0.539575,0.818367,0.941635,-0.171928,-0.289417,0.295949,0.83251,0.468337,0.160423,-0.526655,0.834804,1.0
91,0.868879,-0.48323,-0.107405,0.45339,0.689755,0.564511,-0.198706,-0.539189,0.818406,0.941583,-0.173989,-0.288353,0.296966,0.832775,0.467221,0.158842,-0.525559,0.835796,1.0
92,0.869344,-0.48274,-0.105841,0.452119,0.690373,0.564777,-0.199571,-0.538838,0.818427,0.940724,-0.176395,-0.289691,0.29938,0.833262,0.464806,0.1594,-0.523982,0.836679,1.0
93,0.869553,-0.482516,-0.105139,0.451547,0.690657,0.564886,-0.199952,-0.538674,0.818442,0.940853,-0.178058,-0.288254,0.299803,0.833858,0.463464,0.15784,-0.522471,0.83792,1.0
94,0.869832,-0.482214,-0.10421,0.450792,0.691051,0.565008,-0.200441,-0.53844,0.818477,0.94081,-0.175757,-0.289801,0.297954,0.836434,0.460001,0.161552,-0.519121,0.839293,1.0
95,0.872925,-0.476674,-0.103835,0.446135,0.693872,0.565246,-0.19739,-0.539742,0.81836,0.940739,-0.176025,-0.289868,0.298371,0.83588,0.460737,0.161194,-0.519922,0.838866,1.0
96,0.873018,-0.476572,-0.103525,0.445881,0.693998,0.565292,-0.197557,-0.53967,0.818367,0.940632,-0.177963,-0.289033,0.29934,0.836376,0.459205,0.160019,-0.518462,0.839994,1.0
97,0.873672,-0.475403,-0.103379,0.445374,0.696014,0.56321,-0.195798,-0.538104,0.81982,0.942215,-0.169904,-0.288724,0.291362,0.840963,0.455948,0.165339,-0.513725,0.841872,1.0
98,0.874491,-0.473179,-0.106609,0.44618,0.698556,0.559412,-0.190231,-0.536768,0.822004,0.943829,-0.161726,-0.288147,0.283008,0.845776,0.452292,0.170561,-0.508435,0.844038,1.0
99,0.875558,-0.470214,-0.110892,0.447185,0.701944,0.554346,-0.182821,-0.534951,0.824865,0.94358,-0.162029,-0.288794,0.283607,0.845633,0.452185,0.170947,-0.508577,0.843875,1.0
100,0.876338,-0.468569,-0.111691,0.44695,0.704497,0.551288,-0.179631,-0.533035,0.826805,0.943426,-0.162257,-0.289168,0.283978,0.8456,0.452013,0.171179,-0.508558,0.843839,1.0
101,0.877202,-0.465032,-0.11942,0.449449,0.707885,0.544879,-0.168851,-0.531642,0.829967,0.944906,-0.161651,-0.284643,0.28156,0.844885,0.454855,0.166963,-0.509939,0.843851,1.0
102,0.878219,-0.461897,-0.124023,0.450446,0.711708,0.539045,-0.160716,-0.529265,0.833095,0.946432,-0.160941,-0.279935,0.27893,0.844242,0.45766,0.162677,-0.511227,0.843909,1.0
103,0.878257,-0.460906,-0.12739,0.451702,0.712206,0.537333,-0.156932,-0.529459,0.833693,0.947205,-0.160549,-0.277533,0.277544,0.843957,0.459025,0.16053,-0.511819,0.84396,1.0
104,0.878524,-0.459589,-0.13028,0.452499,0.713228,0.535303,-0.153101,-0.529228,0.834552,0.948635,-0.159919,-0.272976,0.275,0.8434,0.461574,0.156414,-0.512934,0.844056,1.0
105,0.878797,-0.458142,-0.133497,0.453362,0.714263,0.533188,-0.148924,-0.529087,0.835397,0.949302,-0.159647,-0.270809,0.273799,0.84316,0.462725,0.154462,-0.513413,0.844125,1.0
106,0.879484,-0.45683,-0.133469,0.452626,0.716185,0.531233,-0.147095,-0.527623,0.836646,0.949061,-0.16004,-0.271419,0.27444,0.843065,0.462517,0.154803,-0.513446,0.844042,1.0
107,0.879059,-0.456852,-0.136165,0.454007,0.715212,0.531364,-0.145368,-0.528921,0.836128,0.948955,-0.160215,-0.271686,0.274723,0.843022,0.462427,0.15495,-0.513462,0.844006,1.0
108,0.878709,-0.456796,-0.138588,0.455187,0.714364,0.531496,-0.143783,-0.530114,0.835646,0.949528,-0.155379,-0.272493,0.270654,0.844943,0.461321,0.158562,-0.511788,0.844351,1.0
109,0.878412,-0.455542,-0.144471,0.457534,0.714311,0.529548,-0.138034,-0.531262,0.835886,0.949939,-0.155558,-0.270956,0.270201,0.844449,0.462489,0.156865,-0.512549,0.844207,1.0
110,0.878225,-0.454966,-0.147397,0.458769,0.714387,0.528376,-0.135095,-0.531654,0.836117,0.949737,-0.155882,-0.271474,0.270736,0.844373,0.462314,0.157159,-0.512575,0.844136,1.0
111,0.879495,-0.45111,-0.151612,0.458865,0.719334,0.521536,-0.126211,-0.528258,0.83965,0.949412,-0.15642,-0.2723,0.271614,0.844231,0.462059,0.15761,-0.512645,0.844009,1.0
112,0.878968,-0.45035,-0.156839,0.460899,0.717827,0.521819,-0.122418,-0.530949,0.838514,0.949899,-0.151699,-0.273271,0.267721,0.846093,0.460923,0.161291,-0.510991,0.844317,1.0
113,0.879304,-0.449988,-0.155993,0.460101,0.718019,0.522259,-0.123005,-0.530997,0.838397,0.950495,-0.151578,-0.271259,0.266768,0.845708,0.462181,0.15935,-0.511665,0.844278,1.0
114,0.879629,-0.449645,-0.155148,0.45933,0.718248,0.522622,-0.12356,-0.530978,0.838328,0.951257,-0.146342,-0.271465,0.262041,0.847688,0.461258,0.162617,-0.50991,0.844717,1.0
115,0.880183,-0.447913,-0.157007,0.459077,0.719412,0.521242,-0.120519,-0.530866,0.838841,0.951054,-0.146694,-0.271986,0.262607,0.847588,0.461118,0.162889,-0.509974,0.844625,1.0
116,0.881559,-0.444994,-0.157582,0.45751,0.723088,0.51752,-0.116348,-0.52832,0.841035,0.950844,-0.147048,-0.272528,0.263176,0.847522,0.460917,0.163197,-0.509983,0.844561,1.0
117,0.882108,-0.443835,-0.157778,0.456835,0.724427,0.516243,-0.114828,-0.527461,0.841783,0.950664,-0.147341,-0.272995,0.263655,0.847467,0.460743,0.163468,-0.509988,0.844505,1.0
118,0.882117,-0.443849,-0.15769,0.456649,0.723756,0.517345,-0.115495,-0.528369,0.841122,0.951116,-0.142579,-0.273951,0.259704,0.849286,0.459637,0.167129,-0.508314,0.844798,1.0
119,0.882545,-0.443447,-0.156426,0.455502,0.723622,0.518544,-0.116754,-0.52889,0.84062,0.950823,-0.143059,-0.274713,0.260498,0.849162,0.459416,0.167552,-0.508386,0.84467,1.0
120,0.884336,-0.441954,-0.150416,0.451401,0.727278,0.517013,-0.119102,-0.525111,0.842657,0.951392,-0.142955,-0.272793,0.25963,0.848723,0.460718,0.165663,-0.509149,0.844584,1.0
121,0.885095,-0.441001,-0.148739,0.450054,0.729594,0.51492,-0.118562,-0.522694,0.844235,0.951351,-0.143023,-0.272901,0.259741,0.848709,0.460682,0.165725,-0.509153,0.844569,1.0
122,0.885279,-0.441328,-0.146661,0.449232,0.729945,0.51514,-0.120292,-0.521927,0.844464,0.95196,-0.137958,-0.273384,0.255287,0.850585,0.459711,0.169116,-0.507418,0.844941,1.0
123,0.885392,-0.441754,-0.144687,0.448622,0.730534,0.514837,-0.121733,-0.520743,0.844989,0.951783,-0.138255,-0.273847,0.255771,0.850518,0.459563,0.169376,-0.507447,0.844871,1.0
124,0.885208,-0.441977,-0.145128,0.449047,0.730354,0.514722,-0.121501,-0.520805,0.844984,0.951603,-0.138555,-0.274324,0.256264,0.850454,0.459408,0.169647,-0.507473,0.844801,1.0
125,0.885658,-0.442004,-0.142269,0.447624,0.731257,0.51468,-0.123455,-0.519514,0.845496,0.951171,-0.139271,-0.275454,0.25744,0.850287,0.459058,0.170282,-0.507556,0.844624,1.0
126,0.885413,-0.44341,-0.139393,0.447025,0.7302,0.516697,-0.127324,-0.519802,0.844744,0.95085,-0.139804,-0.276293,0.258316,0.85016,0.458803,0.170751,-0.507624,0.844489,1.0
127,0.885728,-0.443534,-0.136977,0.445913,0.73093,0.516626,-0.129021,-0.51867,0.845183,0.950675,-0.140097,-0.276746,0.258799,0.850071,0.458695,0.170992,-0.507692,0.844398,1.0
128,0.885824,-0.443421,-0.136719,0.445603,0.730722,0.517186,-0.129428,-0.519059,0.844881,0.951123,-0.135274,-0.277604,0.25472,0.851892,0.457598,0.174587,-0.505943,0.844712,1.0
129,0.886924,-0.442055,-0.133982,0.443315,0.733142,0.515726,-0.129752,-0.516806,0.846211,0.950725,-0.135934,-0.278643,0.255793,0.851766,0.457235,0.175185,-0.50598,0.844567,1.0
130,0.88784,-0.440844,-0.131887,0.441414,0.735008,0.514699,-0.129965,-0.515187,0.847165,0.950239,-0.136739,-0.279906,0.257109,0.851584,0.456834,0.175896,-0.506068,0.844366,1.0
131,0.888664,-0.439738,-0.130021,0.439824,0.737162,0.512978,-0.12973,-0.513051,0.848497,0.950016,-0.137105,-0.280483,0.257708,0.851507,0.456641,0.176226,-0.506099,0.844279,1.0
132,0.891952,-0.433366,-0.128896,0.434127,0.741256,0.51193,-0.126308,-0.512574,0.849301,0.949729,-0.137572,-0.281223,0.258472,0.851408,0.456393,0.176649,-0.506138,0.844167,1.0
133,0.892742,-0.432272,-0.127084,0.432521,0.74317,0.510513,-0.126236,-0.510723,0.850426,0.949557,-0.13785,-0.281668,0.25893,0.851349,0.456244,0.176905,-0.506163,0.844098,1.0
134,0.892744,-0.432283,-0.127035,0.43242,0.742831,0.511091,-0.12657,-0.511206,0.850086,0.949309,-0.138255,-0.282303,0.259607,0.85121,0.456119,0.177239,-0.506286,0.843954,1.0
135,0.893366,-0.431995,-0.1236,0.430445,0.743898,0.511206,-0.128893,-0.509897,0.850523,0.949214,-0.138411,-0.282548,0.259875,0.851137,0.456103,0.177358,-0.506367,0.843881,1.0
136,0.896339,-0.42546,-0.124733,0.425859,0.747893,0.509214,-0.123364,-0.509547,0.851552,0.948956,-0.138821,-0.283213,0.260564,0.851021,0.455925,0.177728,-0.506448,0.843754,1.0
137,0.896693,-0.425503,-0.122016,0.424546,0.748671,0.509167,-0.125303,-0.508368,0.851974,0.948694,-0.139233,-0.283887,0.261254,0.850918,0.455724,0.178112,-0.506509,0.843637,1.0
138,0.896735,-0.425464,-0.121845,0.424421,0.748706,0.509219,-0.125428,-0.508348,0.851967,0.94853,-0.139494,-0.284309,0.26169,0.850848,0.455605,0.178349,-0.506556,0.843559,1.0
139,0.899312,-0.41995,-0.121978,0.419827,0.751031,0.509604,-0.122399,-0.509503,0.851718,0.948201,-0.140012,-0.285148,0.262556,0.850708,0.455367,0.178821,-0.506647,0.843404,1.0
140,0.899864,-0.419724,-0.118638,0.417958,0.752008,0.509699,-0.124717,-0.508245,0.852133,0.947946,-0.14041,-0.285799,0.263228,0.850593,0.455194,0.179185,-0.50673,0.843277,1.0
141,0.900031,-0.419518,-0.118099,0.417497,0.75217,0.509839,-0.125056,-0.508177,0.852124,0.947845,-0.140567,-0.28606,0.263496,0.850545,0.455129,0.179331,-0.506768,0.843223,1.0
142,0.900263,-0.419244,-0.117298,0.416843,0.75241,0.510019,-0.125567,-0.508046,0.852127,0.947524,-0.141064,-0.286873,0.264327,0.850421,0.454878,0.179797,-0.506837,0.843082,1.0
143,0.900451,-0.419027,-0.116634,0.416313,0.752628,0.510129,-0.125976,-0.507903,0.852152,0.947228,-0.141523,-0.287627,0.265091,0.850319,0.454625,0.180235,-0.506881,0.842962,1.0
144,0.9008,-0.4186,-0.115472,0.415346,0.753015,0.510349,-0.12668,-0.507683,0.85218,0.946928,-0.141987,-0.288383,0.265867,0.850201,0.454391,0.180666,-0.506947,0.84283,1.0
145,0.900977,-0.418381,-0.114877,0.414847,0.753207,0.510471,-0.127046,-0.507579,0.852187,0.946716,-0.14232,-0.288914,0.266418,0.850114,0.454231,0.180964,-0.507,0.842734,1.0
146,0.901561,-0.418067,-0.111382,0.412855,0.754336,0.510419,-0.129371,-0.506159,0.852681,0.94625,-0.143056,-0.290078,0.267625,0.849939,0.45385,0.181623,-0.507088,0.84254,1.0
147,0.901693,-0.417907,-0.110915,0.412474,0.754477,0.510518,-0.129667,-0.50608,0.852683,0.945752,-0.143836,-0.291311,0.268901,0.849765,0.453421,0.182328,-0.507158,0.842345,1.0
148,0.901899,-0.41764,-0.110252,0.411898,0.754686,0.510674,-0.130072,-0.505989,0.852676,0.945518,-0.144203,-0.29189,0.269499,0.849683,0.453218,0.182659,-0.50719,0.842254,1.0
149,0.90314,-0.415963,-0.106364,0.408857,0.757614,0.508778,-0.13105,-0.502986,0.854301,0.945127,-0.144817,-0.292851,0.270498,0.849547,0.45288,0.183206,-0.507244,0.842102,1.0
150,0.903318,-0.415588,-0.106313,0.40851,0.757766,0.508833,-0.130905,-0.503068,0.854275,0.94475,-0.145407,-0.293774,0.271462,0.849401,0.452575,0.183724,-0.507319,0.841945,1.0
151,0.90307,-0.416462,-0.104986,0.408188,0.756213,0.511393,-0.133585,-0.504678,0.852909,0.944483,-0.145817,-0.294427,0.27213,0.849322,0.452324,0.184107,-0.507335,0.841852,1.0
152,0.903216,-0.416281,-0.104448,0.407785,0.756497,0.511295,-0.133829,-0.504403,0.853034,0.944358,-0.146011,-0.294733,0.272446,0.849278,0.452216,0.184282,-0.507352,0.841803,1.0
153,0.902564,-0.418094,-0.102834,0.407848,0.753681,0.515387,-0.137977,-0.507111,0.850764,0.944042,-0.146503,-0.295499,0.273254,0.84914,0.451987,0.184703,-0.507441,0.841657,1.0
154,0.902455,-0.418415,-0.102486,0.407908,0.753506,0.515596,-0.138509,-0.507107,0.85068,0.943738,-0.14697,-0.296237,0.274022,0.84902,0.451747,0.185118,-0.507507,0.841526,1.0
155,0.902528,-0.418313,-0.102255,0.407709,0.753615,0.515594,-0.13862,-0.507028,0.850709,0.943608,-0.147168,-0.296553,0.274347,0.848975,0.451636,0.1853,-0.507526,0.841475,1.0
156,0.901835,-0.420309,-0.100163,0.407561,0.750513,0.520215,-0.143478,-0.509971,0.84814,0.943405,-0.147482,-0.297043,0.274866,0.848876,0.451504,0.185564,-0.507599,0.841372,1.0
157,0.900771,-0.42285,-0.099031,0.408444,0.747348,0.524064,-0.14759,-0.51251,0.845901,0.94315,-0.147878,-0.297656,0.275522,0.848746,0.45135,0.18589,-0.507701,0.841239,1.0
158,0.900208,-0.424162,-0.098543,0.409077,0.746163,0.525259,-0.149266,-0.513154,0.845217,0.942916,-0.148236,-0.298216,0.276109,0.84865,0.451171,0.186201,-0.507756,0.841136,1.0
159,0.902159,-0.419964,-0.09868,0.405348,0.74691,0.527084,-0.147651,-0.515514,0.844064,0.942776,-0.14845,-0.298553,0.276457,0.848601,0.45105,0.186394,-0.507777,0.841082,1.0
160,0.902377,-0.419705,-0.097789,0.403408,0.74286,0.534248,-0.151583,-0.521542,0.839652,0.943287,-0.143628,-0.299297,0.272278,0.850519,0.449979,0.189928,-0.505952,0.84139,1.0
161,0.899892,-0.425255,-0.096709,0.406161,0.736461,0.540979,-0.158831,-0.526102,0.835457,0.943104,-0.14391,-0.299738,0.272753,0.850407,0.449901,0.190154,-0.506059,0.841275,1.0
162,0.898676,-0.42794,-0.096168,0.407449,0.733343,0.544235,-0.162376,-0.528275,0.833402,0.942953,-0.14414,-0.300101,0.273129,0.850355,0.449772,0.190362,-0.506081,0.841215,1.0
163,0.899305,-0.426609,-0.096193,0.405482,0.731021,0.548809,-0.163807,-0.532552,0.830394,0.942649,-0.144603,-0.300835,0.273885,0.850251,0.44951,0.190785,-0.506125,0.841093,1.0
164,0.89761,-0.430381,-0.095223,0.407052,0.726445,0.553702,-0.169129,-0.53577,0.827252,0.942475,-0.144867,-0.301252,0.274326,0.850164,0.449405,0.19101,-0.506195,0.841,1.0
165,0.898798,-0.427925,-0.095087,0.404201,0.725074,0.557573,-0.169655,-0.53958,0.824663,0.942299,-0.145135,-0.301672,0.274776,0.850064,0.44932,0.191228,-0.506287,0.840895,1.0
166,0.898257,-0.429143,-0.094708,0.404588,0.723389,0.559478,-0.171586,-0.540873,0.823416,0.942234,-0.145233,-0.301829,0.274942,0.850028,0.449286,0.191311,-0.506319,0.840857,1.0
167,0.898276,-0.429128,-0.094598,0.404579,0.723622,0.559184,-0.171508,-0.540574,0.823628,0.942052,-0.145502,-0.302268,0.275388,0.849966,0.449131,0.191568,-0.506346,0.840782,1.0
168,0.898721,-0.429302,-0.089444,0.40151,0.723561,0.56147,-0.176322,-0.540517,0.822649,0.941723,-0.145995,-0.303052,0.2762,0.84984,0.44887,0.192013,-0.506415,0.840638,1.0
169,0.8983,-0.430378,-0.088489,0.401408,0.72195,0.563612,-0.178682,-0.541814,0.821285,0.941764,-0.148068,-0.301919,0.276996,0.850647,0.446846,0.190663,-0.504454,0.842123,1.0
170,0.897192,-0.432789,-0.087969,0.402335,0.718825,0.566936,-0.182129,-0.544044,0.819051,0.94154,-0.148445,-0.30243,0.277613,0.850446,0.446845,0.190869,-0.504682,0.84194,1.0
171,0.897225,-0.433253,-0.085307,0.401384,0.719678,0.566527,-0.184056,-0.542543,0.819615,0.941415,-0.148614,-0.302739,0.277922,0.850372,0.446794,0.191041,-0.504757,0.841856,1.0
172,0.896113,-0.435725,-0.084399,0.402023,0.716335,0.570299,-0.188036,-0.544983,0.817089,0.941236,-0.148872,-0.303168,0.278368,0.850272,0.446708,0.191273,-0.50485,0.841748,1.0
173,0.895539,-0.437001,-0.083896,0.40238,0.714779,0.571997,-0.189996,-0.546005,0.815953,0.941169,-0.14897,-0.303328,0.278545,0.850209,0.446717,0.191345,-0.504927,0.841685,1.0
174,0.896906,-0.434292,-0.083361,0.399066,0.713651,0.575715,-0.190538,-0.549629,0.813389,0.941193,-0.150774,-0.302361,0.279277,0.850838,0.445061,0.190157,-0.503331,0.84291,1.0
175,0.895488,-0.437418,-0.082248,0.399883,0.709552,0.580197,-0.19543,-0.552449,0.810312,0.941157,-0.15116,-0.30228,0.279617,0.850644,0.445217,0.189833,-0.503542,0.842856,1.0
176,0.894753,-0.439013,-0.081749,0.400337,0.707476,0.582414,-0.197852,-0.553844,0.80877,0.941244,-0.151693,-0.301739,0.279709,0.850842,0.44478,0.189263,-0.503046,0.84328,1.0
177,0.893499,-0.442287,-0.077715,0.39949,0.703833,0.587389,-0.205096,-0.555878,0.805564,0.941258,-0.153172,-0.300948,0.280395,0.851141,0.443775,0.188176,-0.502092,0.844092,1.0
178,0.891909,-0.44616,-0.073749,0.398815,0.699179,0.593376,-0.213177,-0.55865,0.801539,0.941093,-0.153401,-0.301346,0.280824,0.850981,0.443811,0.188359,-0.502293,0.843931,1.0
179,0.890569,-0.449867,-0.067133,0.396561,0.695656,0.599001,-0.222769,-0.560074,0.797929,0.941509,-0.148786,-0.302362,0.276937,0.852847,0.442671,0.192005,-0.500514,0.844167,1.0
180,0.889727,-0.452003,-0.063854,0.395422,0.693232,0.602553,-0.22809,-0.561358,0.795519,0.941283,-0.149118,-0.3029,0.277491,0.852749,0.442511,0.192311,-0.500581,0.844057,1.0
181,0.888518,-0.455545,-0.054898,0.391503,0.69028,0.608471,-0.239292,-0.562131,0.791674,0.941128,-0.151641,-0.302127,0.278852,0.85347,0.440261,0.191095,-0.498591,0.84551,1.0
182,0.887889,-0.458467,-0.038214,0.382798,0.690155,0.614126,-0.255183,-0.559904,0.788282,0.940953,-0.1518,-0.302592,0.27926,0.853304,0.440324,0.191363,-0.498826,0.845311,1.0
183,0.886864,-0.460852,-0.032966,0.380485,0.688003,0.617966,-0.26211,-0.560595,0.785512,0.940903,-0.151869,-0.302713,0.279378,0.853286,0.440285,0.191436,-0.498837,0.845288,1.0
184,0.884334,-0.466015,-0.02796,0.379041,0.681745,0.62574,-0.272543,-0.563962,0.779529,0.940748,-0.152099,-0.303081,0.279753,0.853232,0.44015,0.191652,-0.498859,0.845226,1.0
185,0.883362,-0.468186,-0.021735,0.375995,0.680207,0.629241,-0.279819,-0.56402,0.776905,0.940387,-0.152647,-0.303922,0.280635,0.853091,0.439861,0.19213,-0.498932,0.845075,1.0
186,0.882603,-0.469622,-0.021594,0.376244,0.678079,0.631386,-0.281871,-0.565388,0.775167,0.940285,-0.152803,-0.30416,0.280888,0.853042,0.439795,0.192259,-0.498968,0.845024,1.0
187,0.880417,-0.473775,-0.020055,0.375957,0.671616,0.638425,-0.289001,-0.56962,0.769422,0.94004,-0.153173,-0.30473,0.281481,0.852956,0.439584,0.192588,-0.499003,0.844929,1.0
188,0.878323,-0.477696,-0.018791,0.376153,0.666293,0.643865,-0.295051,-0.57259,0.764908,0.939831,-0.15349,-0.305216,0.281988,0.852881,0.439404,0.192869,-0.499033,0.844847,1.0
189,0.875152,-0.483526,-0.017609,0.376688,0.658038,0.65199,-0.303667,-0.577224,0.758022,0.940452,-0.148565,-0.305741,0.277563,0.854852,0.438389,0.196234,-0.497147,0.845184,1.0
190,0.873613,-0.48631,-0.01739,0.377408,0.654555,0.655072,-0.307186,-0.578843,0.755365,0.940401,-0.148645,-0.305858,0.277688,0.854833,0.438347,0.1963,-0.497155,0.845163,1.0
191,0.869454,-0.493733,-0.016636,0.378492,0.64412,0.664719,-0.317478,-0.584239,0.746907,0.940241,-0.148891,-0.306228,0.278078,0.854778,0.438208,0.196512,-0.497177,0.845101,1.0
192,0.864808,-0.501836,-0.016304,0.379971,0.632882,0.674598,-0.328219,-0.589593,0.738005,0.940053,-0.149183,-0.306665,0.278544,0.854698,0.438066,0.196755,-0.497226,0.845016,1.0
193,0.862922,-0.505081,-0.016036,0.38037,0.62831,0.678634,-0.33269,-0.591708,0.734301,0.940158,-0.151326,-0.305287,0.279284,0.855503,0.436019,0.195194,-0.49519,0.846572,1.0
194,0.859309,-0.511219,-0.015551,0.380907,0.619386,0.686491,-0.341315,-0.595832,0.726972,0.940059,-0.15137,-0.305572,0.279514,0.855343,0.436187,0.195344,-0.495453,0.846383,1.0
195,0.857609,-0.514078,-0.015116,0.38135,0.615916,0.689361,-0.345076,-0.596967,0.724259,0.94078,-0.146268,-0.305838,0.274805,0.857314,0.435309,0.198528,-0.493576,0.846739,1.0
196,0.856371,-0.51617,-0.014025,0.380522,0.612494,0.692859,-0.349043,-0.598681,0.720936,0.940623,-0.146509,-0.306206,0.27519,0.857255,0.43518,0.19874,-0.493606,0.846672,1.0
197,0.856408,-0.516117,-0.013689,0.380366,0.61278,0.692691,-0.349121,-0.598434,0.721104,0.940522,-0.146664,-0.30644,0.275436,0.857221,0.435093,0.198875,-0.49362,0.846632,1.0
198,0.856282,-0.516359,-0.012394,0.379189,0.612155,0.693888,-0.350709,-0.598864,0.719975,0.940327,-0.146969,-0.306893,0.275919,0.85714,0.434945,0.199127,-0.493669,0.846544,1.0
199,0.855437,-0.517788,-0.011062,0.378062,0.609712,0.696648,-0.353972,-0.600121,0.717326,0.940126,-0.14728,-0.30736,0.27641,0.857071,0.43477,0.199397,-0.493696,0.846465,1.0
200,0.854835,-0.518788,-0.010739,0.377747,0.607978,0.698333,-0.355758,-0.601016,0.715692,0.940075,-0.147358,-0.307477,0.276533,0.857054,0.434726,0.199465,-0.493703,0.846445,1.0
201,0.854715,-0.518993,-0.010366,0.377668,0.608024,0.698336,-0.356129,-0.600793,0.715694,0.940102,-0.149565,-0.306327,0.277455,0.857793,0.432677,0.198052,-0.491753,0.847911,1.0
202,0.854914,-0.51869,-0.009019,0.37661,0.60859,0.698414,-0.356772,-0.600481,0.715636,0.940807,-0.144449,-0.306619,0.272777,0.859637,0.431991,0.201181,-0.49006,0.848155,1.0
203,0.85503,-0.518512,-0.008197,0.375969,0.608933,0.69846,-0.357169,-0.600287,0.715601,0.940762,-0.144513,-0.306728,0.272892,0.859603,0.431985,0.201237,-0.490099,0.848118,1.0
204,0.855175,-0.518288,-0.00721,0.375182,0.609334,0.698534,-0.357648,-0.600074,0.71554,0.940641,-0.144708,-0.307006,0.273217,0.859498,0.431989,0.201359,-0.490226,0.848016,1.0
205,0.855354,-0.51801,-0.005831,0.374065,0.609804,0.698722,-0.35839,-0.599836,0.715368,0.940727,-0.146814,-0.305739,0.274035,0.860169,0.430131,0.199838,-0.488419,0.849417,1.0
206,0.855533,-0.517729,-0.004398,0.372847,0.610181,0.699045,-0.359232,-0.599696,0.715063,0.940673,-0.146865,-0.305881,0.274154,0.860136,0.430122,0.19993,-0.488463,0.84937,1.0
207,0.855784,-0.517331,-0.000867,0.370315,0.611413,0.699314,-0.361247,-0.598783,0.714813,0.940629,-0.146931,-0.305983,0.274264,0.860109,0.430105,0.199983,-0.48849,0.849342,1.0
208,0.856873,-0.515506,0.004665,0.366298,0.615178,0.698128,-0.362759,-0.596498,0.715958,0.940445,-0.147215,-0.306415,0.274713,0.860047,0.429943,0.200238,-0.488515,0.849268,1.0
209,0.857873,-0.513773,0.009504,0.362438,0.618085,0.697573,-0.364269,-0.594984,0.71645,0.940344,-0.147368,-0.30665,0.274956,0.860013,0.429855,0.200376,-0.488527,0.849229,1.0
210,0.860246,-0.50961,0.016509,0.35708,0.625248,0.693944,-0.363963,-0.591068,0.719839,0.940185,-0.147614,-0.307018,0.275341,0.859959,0.429716,0.200591,-0.488548,0.849166,1.0
211,0.861725,-0.507012,0.019184,0.354888,0.629333,0.69137,-0.362606,-0.588963,0.722245,0.940135,-0.147692,-0.307134,0.275464,0.859942,0.429672,0.200659,-0.488554,0.849146,1.0
212,0.864686,-0.50179,0.022864,0.351333,0.636695,0.686428,-0.359,-0.585513,0.726837,0.939971,-0.147945,-0.307514,0.275856,0.859899,0.429507,0.200888,-0.488555,0.849092,1.0
213,0.863835,-0.503084,0.026337,0.351869,0.63995,0.683118,-0.36052,-0.580835,0.729832,0.939856,-0.148123,-0.30778,0.276136,0.859859,0.429407,0.201043,-0.48857,0.849046,1.0
214,0.864458,-0.502028,0.026071,0.351676,0.640991,0.682241,-0.359216,-0.5806,0.730661,0.939764,-0.148266,-0.307994,0.27636,0.859827,0.429327,0.201167,-0.488583,0.849009,1.0
215,0.865884,-0.499568,0.025989,0.351534,0.64462,0.678887,-0.355904,-0.578701,0.733781,0.939604,-0.148514,-0.308362,0.276748,0.859772,0.429187,0.201381,-0.488605,0.848946,1.0
216,0.8659,-0.499509,0.026586,0.351166,0.644878,0.678832,-0.356228,-0.578465,0.733811,0.940434,-0.148045,-0.306046,0.275482,0.859365,0.430813,0.199226,-0.489462,0.848961,1.0
217,0.865975,-0.499314,0.027787,0.350588,0.645781,0.678273,-0.356616,-0.577626,0.734283,0.940424,-0.148049,-0.306077,0.275497,0.859371,0.430792,0.199256,-0.489451,0.84896,1.0
218,0.866031,-0.499174,0.028538,0.350173,0.646289,0.678003,-0.356886,-0.577179,0.734504,0.940359,-0.148147,-0.306228,0.275648,0.859362,0.430714,0.199352,-0.489437,0.848945,1.0
219,0.866002,-0.499446,0.02437,0.352931,0.645028,0.677773,-0.354231,-0.578352,0.734866,0.941026,-0.143143,-0.306558,0.271018,0.861313,0.429752,0.202527,-0.487491,0.849313,1.0
220,0.865369,-0.500577,0.02363,0.353366,0.642956,0.679514,-0.355342,-0.57968,0.733282,0.94179,-0.142724,-0.3044,0.269873,0.860888,0.431323,0.200494,-0.488366,0.849293,1.0
221,0.865519,-0.500253,0.024964,0.352449,0.643694,0.679291,-0.355887,-0.579141,0.733443,0.941781,-0.142742,-0.30442,0.269897,0.860886,0.431312,0.200505,-0.488364,0.849292,1.0
222,0.865827,-0.499683,0.025682,0.35182,0.644508,0.678846,-0.355761,-0.578728,0.733831,0.94158,-0.143068,-0.304888,0.270389,0.860843,0.431089,0.200786,-0.488344,0.849237,1.0
223,0.866242,-0.498752,0.029515,0.349213,0.646652,0.678153,-0.357316,-0.577137,0.734328,0.942287,-0.142782,-0.302832,0.269407,0.860381,0.432624,0.19878,-0.489242,0.849193,1.0
224,0.866504,-0.498143,0.031994,0.347484,0.647968,0.677785,-0.358365,-0.576186,0.734563,0.94218,-0.142955,-0.303083,0.269674,0.860347,0.432525,0.198925,-0.48925,0.849153,1.0
225,0.86785,-0.495083,0.041558,0.341028,0.654448,0.674831,-0.361295,-0.571481,0.7368,0.941913,-0.143396,-0.303704,0.270348,0.860256,0.432286,0.199276,-0.489282,0.849053,1.0
226,0.869542,-0.489762,0.063471,0.327184,0.667571,0.668804,-0.369926,-0.560786,0.740724,0.942412,-0.138595,-0.304385,0.266067,0.862121,0.431225,0.202651,-0.487378,0.849349,1.0
227,0.87037,-0.484001,0.090543,0.31028,0.681887,0.662387,-0.382336,-0.548428,0.74367,0.942649,-0.134177,-0.305625,0.262352,0.86392,0.429899,0.206353,-0.485425,0.849576,1.0
228,0.870882,-0.480973,0.101135,0.304042,0.688884,0.658024,-0.386162,-0.542312,0.746173,0.942377,-0.134633,-0.306264,0.263053,0.863812,0.429687,0.206705,-0.485491,0.849453,1.0
