,r1,r2,r3,r4,r5,r6,r7,r8,r9,r10,r11,r12,r13,r14,r15,r16,r17,r18,status
0,-0.346896,0.809726,0.473292,-0.932285,-0.352846,-0.07965,0.102505,-0.468874,0.877296,0.258654,0.025244,-0.965639,0.165671,0.983686,0.070093,0.951656,-0.178108,0.250252,1.0
1,-0.29904,0.821991,0.484669,-0.949868,-0.304977,-0.068832,0.091234,-0.480955,0.871984,0.258655,0.025244,-0.965639,0.165671,0.983686,0.070093,0.951656,-0.178108,0.250253,1.0
2,-0.271053,0.823964,0.497607,-0.957444,-0.284036,-0.051212,0.099142,-0.490312,0.865889,0.258669,0.02526,-0.965635,0.165667,0.983686,0.07011,0.951653,-0.178109,0.250264,1.0
3,-0.252467,0.822866,0.509069,-0.960031,-0.278719,-0.025592,0.120828,-0.495183,0.860344,0.258711,0.025312,-0.965622,0.165653,0.983684,0.070167,0.951644,-0.178111,0.250297,1.0
4,-0.24086,0.823544,0.513575,-0.961392,-0.275004,-0.009898,0.133083,-0.496131,0.857987,0.258766,0.025369,-0.965606,0.165662,0.983677,0.070239,0.951627,-0.17814,0.25034,1.0
5,-0.209146,0.829091,0.518521,-0.964285,-0.262979,0.031547,0.162515,-0.493405,0.854482,0.256924,0.023304,-0.96615,0.16646,0.983701,0.067993,0.951987,-0.178294,0.248857,1.0
6,-0.159822,0.836658,0.523889,-0.966971,-0.239437,0.08739,0.198554,-0.492619,0.847291,0.243997,0.010465,-0.969719,0.15974,0.985849,0.050833,0.956529,-0.167306,0.238872,1.0
7,-0.127181,0.840122,0.527275,-0.967437,-0.222353,0.120931,0.218838,-0.494725,0.841044,0.231365,-0.001182,-0.972866,0.140872,0.9895,0.032299,0.962613,-0.144523,0.229103,1.0
8,-0.068602,0.847531,0.526293,-0.95916,-0.201139,0.198885,0.27442,-0.491156,0.826716,0.209686,-0.025182,-0.977444,0.125019,0.992153,0.001259,0.969743,-0.122463,0.211188,1.0
9,-0.01957,0.857872,0.513489,-0.937205,-0.19462,0.289428,0.348228,-0.47558,0.807811,0.200191,-0.035001,-0.979131,0.093021,0.995526,-0.016568,0.97533,-0.087763,0.202551,1.0
10,0.000946,0.86028,0.509819,-0.925166,-0.192755,0.326974,0.379559,-0.471977,0.79572,0.197532,-0.037275,-0.979587,0.0704,0.997235,-0.02375,0.977764,-0.064272,0.199611,1.0
11,0.04476,0.862051,0.504839,-0.897543,-0.187189,0.399218,0.438647,-0.470985,0.76535,0.196765,-0.036279,-0.979779,0.035169,0.998933,-0.029925,0.979819,-0.028569,0.197831,1.0
12,0.094845,0.861275,0.499208,-0.86892,-0.173082,0.463703,0.48578,-0.477752,0.731963,0.196312,-0.028481,-0.980127,-0.001578,0.999567,-0.029362,0.980539,0.007311,0.196182,1.0
13,0.130021,0.862958,0.488259,-0.835,-0.170245,0.523251,0.534667,-0.47573,0.698434,0.195922,-0.01978,-0.980419,-0.044339,0.998595,-0.029007,0.979616,0.049154,0.19477,1.0
14,0.143221,0.865741,0.479562,-0.815812,-0.171053,0.55244,0.560301,-0.470354,0.681784,0.190595,-0.013776,-0.981571,-0.074192,0.996839,-0.028396,0.97886,0.078237,0.18897,1.0
15,0.161403,0.870488,0.464971,-0.779647,-0.176391,0.600863,0.605061,-0.459495,0.650204,0.178024,-0.000849,-0.984025,-0.145072,0.989049,-0.027099,0.973273,0.147579,0.175951,1.0
16,0.171365,0.878101,0.446735,-0.741463,-0.183635,0.645375,0.648741,-0.441833,0.619611,0.162989,0.018099,-0.986462,-0.210837,0.977375,-0.016903,0.963837,0.210738,0.163117,1.0
17,0.176574,0.880298,0.440336,-0.724281,-0.186731,0.663738,0.666511,-0.436126,0.604612,0.155906,0.030329,-0.987305,-0.247725,0.968784,-0.009358,0.956203,0.246039,0.158552,1.0
18,0.167951,0.887618,0.428864,-0.691448,-0.204009,0.693021,0.702631,-0.412931,0.579479,0.147094,0.075581,-0.98623,-0.324681,0.945517,0.024036,0.934315,0.316674,0.16362,1.0
19,0.167952,0.887457,0.429196,-0.665828,-0.218941,0.713258,0.726955,-0.405564,0.554123,0.13259,0.148676,-0.979956,-0.375795,0.922409,0.089099,0.917168,0.356449,0.178174,1.0
20,0.16815,0.883213,0.437789,-0.654634,-0.231992,0.719467,0.737007,-0.40757,0.539172,0.120884,0.192267,-0.973868,-0.406182,0.904753,0.128204,0.90576,0.38007,0.187466,1.0
21,0.165174,0.88137,0.442611,-0.627443,-0.252343,0.736639,0.760941,-0.399387,0.511329,0.091927,0.297648,-0.950238,-0.472689,0.852951,0.221446,0.87642,0.428811,0.219104,1.0
22,0.154667,0.887857,0.433344,-0.598961,-0.264556,0.755814,0.785699,-0.376456,0.490873,0.05744,0.405636,-0.912227,-0.529331,0.787102,0.316667,0.846468,0.464681,0.259927,1.0
23,0.144857,0.90128,0.408301,-0.574872,-0.259198,0.776104,0.805318,-0.347146,0.480574,0.006521,0.483234,-0.875466,-0.595982,0.704882,0.384637,0.80297,0.519254,0.292596,1.0
24,0.144526,0.90671,0.396218,-0.56814,-0.251802,0.783462,0.810141,-0.338338,0.478746,-0.023575,0.508063,-0.860996,-0.625038,0.664665,0.409325,0.780237,0.547806,0.301889,1.0
25,0.148576,0.914614,0.376039,-0.556161,-0.23714,0.796522,0.817685,-0.327483,0.473439,-0.072958,0.531192,-0.844103,-0.664019,0.605627,0.438513,0.744147,0.592494,0.308536,1.0
26,0.156131,0.920637,0.35784,-0.547361,-0.220925,0.807209,0.822203,-0.321898,0.469427,-0.076309,0.548206,-0.832853,-0.667929,0.592069,0.450914,0.740301,0.590696,0.320983,1.0
27,0.149578,0.926804,0.34447,-0.54047,-0.215095,0.813404,0.82796,-0.307843,0.468736,-0.089705,0.546763,-0.832467,-0.684386,0.573404,0.450358,0.723579,0.610129,0.322759,1.0
28,0.142355,0.943652,0.298754,-0.525803,-0.183626,0.830549,0.838609,-0.275318,0.470036,-0.115529,0.54533,-0.830221,-0.708964,0.540142,0.453447,0.695716,0.640984,0.324217,1.0
29,0.124976,0.961521,0.244657,-0.514013,-0.14817,0.844888,0.848628,-0.231347,0.475717,-0.118956,0.5546,-0.823569,-0.708407,0.53378,0.461776,0.695706,0.638354,0.329387,1.0
30,0.122912,0.966477,0.225417,-0.514196,-0.132254,0.847414,0.848819,-0.220066,0.480703,-0.136463,0.569522,-0.810568,-0.712233,0.512303,0.479863,0.688549,0.642798,0.335722,1.0
31,0.120306,0.966711,0.225822,-0.516452,-0.133323,0.845873,0.847822,-0.21839,0.48322,-0.148823,0.575681,-0.804016,-0.712177,0.501686,0.491034,0.686043,0.645679,0.335324,1.0
32,0.116255,0.966993,0.226733,-0.520791,-0.135034,0.842936,0.84573,-0.216076,0.487903,-0.16478,0.582043,-0.796286,-0.713384,0.487178,0.503726,0.681124,0.651062,0.334943,1.0
33,0.115907,0.966152,0.230465,-0.521325,-0.138325,0.842072,0.845449,-0.21775,0.487647,-0.169203,0.579723,-0.797051,-0.716947,0.48252,0.503151,0.676281,0.656578,0.333987,1.0
34,0.115872,0.967,0.2269,-0.521778,-0.13512,0.842312,0.845174,-0.215991,0.488903,-0.17502,0.575158,-0.799099,-0.721555,0.477277,0.501561,0.669869,0.664378,0.331475,1.0
35,0.117616,0.968683,0.218677,-0.52074,-0.12734,0.844165,0.845574,-0.213161,0.489454,-0.187862,0.565898,-0.802786,-0.725195,0.471319,0.501946,0.662419,0.676473,0.321844,1.0
36,0.117346,0.96895,0.217635,-0.521792,-0.126303,0.84367,0.844963,-0.212562,0.490769,-0.20701,0.553177,-0.806932,-0.728558,0.463315,0.504521,0.652954,0.692339,0.307111,1.0
37,0.117296,0.969027,0.217319,-0.522106,-0.125975,0.843525,0.844775,-0.212406,0.491158,-0.249764,0.524707,-0.813818,-0.73603,0.443235,0.511665,0.629187,0.726791,0.275496,1.0
38,0.117313,0.969405,0.215615,-0.522082,-0.12449,0.84376,0.844788,-0.211553,0.491505,-0.276257,0.503011,-0.818938,-0.738289,0.434468,0.515912,0.615313,0.747138,0.251342,1.0
39,0.113771,0.969283,0.218051,-0.526123,-0.127396,0.840812,0.842763,-0.210382,0.495468,-0.313583,0.459163,-0.831164,-0.731942,0.440736,0.519626,0.604918,0.77131,0.197873,1.0
40,0.106532,0.97104,0.213849,-0.533623,-0.12564,0.836337,0.838985,-0.203212,0.504785,-0.32419,0.420449,-0.847421,-0.720508,0.470733,0.509193,0.612999,0.775649,0.150329,1.0
41,0.101522,0.971539,0.214016,-0.538901,-0.127124,0.832721,0.836228,-0.199873,0.510658,-0.326573,0.400938,-0.855919,-0.716812,0.485186,0.500774,0.616059,0.777073,0.128949,1.0
42,0.092621,0.972339,0.214421,-0.547521,-0.13013,0.826611,0.831649,-0.193961,0.520323,-0.312185,0.384265,-0.868838,-0.704158,0.520324,0.483139,0.637731,0.762628,0.108145,1.0
43,0.089019,0.971219,0.220926,-0.557232,-0.135286,0.819262,0.825571,-0.196037,0.529151,-0.299013,0.381771,-0.874551,-0.700053,0.535047,0.472917,0.648472,0.753641,0.107274,1.0
44,0.092848,0.96896,0.229117,-0.565418,-0.138097,0.813161,0.819561,-0.205047,0.535045,-0.294874,0.379219,-0.877064,-0.691896,0.548325,0.4697,0.659035,0.74534,0.100693,1.0
45,0.094007,0.968234,0.2317,-0.56841,-0.138872,0.81094,0.817356,-0.207935,0.537299,-0.298904,0.375735,-0.877199,-0.687095,0.553168,0.471067,0.662235,0.743523,0.092821,1.0
46,0.090056,0.967782,0.23513,-0.573721,-0.14257,0.806547,0.814084,-0.207533,0.542398,-0.303586,0.375175,-0.87583,-0.674467,0.564654,0.475667,0.673,0.735124,0.081622,1.0
47,0.092329,0.967319,0.236155,-0.577588,-0.141161,0.804031,0.81109,-0.210636,0.545678,-0.305689,0.36839,-0.877976,-0.675026,0.566466,0.472711,0.671486,0.737159,0.07551,1.0
48,0.092488,0.967183,0.236648,-0.577237,-0.141574,0.80421,0.811322,-0.210982,0.545199,-0.305112,0.366814,-0.878836,-0.675614,0.567007,0.471219,0.671156,0.737529,0.074824,1.0
49,0.092675,0.966743,0.238363,-0.577348,-0.142866,0.803901,0.811221,-0.21212,0.544908,-0.305641,0.367266,-0.878463,-0.675647,0.566417,0.471882,0.670883,0.737758,0.075022,1.0
50,0.092835,0.966249,0.240298,-0.577556,-0.144331,0.80349,0.811054,-0.213378,0.544665,-0.305329,0.365761,-0.879199,-0.675604,0.567455,0.470695,0.671068,0.737708,0.073849,1.0
51,0.094888,0.965798,0.241307,-0.575658,-0.144528,0.804816,0.812165,-0.215278,0.542255,-0.302526,0.365133,-0.880428,-0.677043,0.567851,0.468141,0.670886,0.737714,0.075421,1.0
52,0.096883,0.96565,0.241107,-0.573471,-0.143834,0.8065,0.813477,-0.216404,0.539837,-0.302502,0.364432,-0.880727,-0.677122,0.568151,0.467663,0.670817,0.73783,0.074898,1.0
53,0.097007,0.965609,0.241221,-0.573793,-0.143775,0.806281,0.813234,-0.216627,0.540113,-0.298645,0.361075,-0.883422,-0.679127,0.569954,0.462535,0.670519,0.73809,0.075002,1.0
54,0.09716,0.965447,0.241808,-0.573875,-0.144158,0.806154,0.813157,-0.217094,0.54004,-0.296209,0.353553,-0.887276,-0.680216,0.574047,0.455824,0.670496,0.738559,0.070455,1.0
55,0.097213,0.96532,0.242291,-0.573888,-0.144529,0.806079,0.813142,-0.217409,0.539936,-0.294719,0.348924,-0.889602,-0.681034,0.576348,0.45168,0.670322,0.738968,0.067768,1.0
56,0.097267,0.965025,0.243446,-0.573921,-0.145454,0.805889,0.813112,-0.218105,0.539701,-0.292208,0.340005,-0.893873,-0.683105,0.579932,0.443898,0.669313,0.740321,0.062798,1.0
57,0.097269,0.964829,0.244216,-0.573966,-0.146084,0.805743,0.81308,-0.218546,0.53957,-0.290747,0.333884,-0.896652,-0.684902,0.581755,0.438712,0.668112,0.741674,0.059534,1.0
58,0.09729,0.965491,0.241578,-0.573846,-0.143902,0.806221,0.813163,-0.217065,0.540043,-0.289952,0.330425,-0.89819,-0.686077,0.582566,0.435792,0.667252,0.742586,0.057781,1.0
59,0.097298,0.965458,0.241706,-0.573828,-0.144009,0.806214,0.813174,-0.217141,0.539995,-0.289853,0.329878,-0.898423,-0.686329,0.582603,0.435344,0.667035,0.7428,0.057536,1.0
60,0.09735,0.965355,0.242099,-0.573902,-0.144289,0.806112,0.813116,-0.217416,0.539973,-0.289765,0.329206,-0.898698,-0.686587,0.582689,0.434822,0.666808,0.743031,0.057185,1.0
61,0.097431,0.965291,0.242319,-0.57397,-0.144409,0.806042,0.813059,-0.217618,0.539978,-0.289782,0.329097,-0.898732,-0.686446,0.58289,0.434776,0.666946,0.742922,0.056996,1.0
62,0.097482,0.965314,0.242208,-0.573985,-0.144284,0.806053,0.813041,-0.2176,0.540011,-0.289813,0.329178,-0.898693,-0.686296,0.583001,0.434863,0.667087,0.742799,0.056953,1.0
63,0.097591,0.967026,0.235232,-0.574204,-0.138343,0.806938,0.812874,-0.213821,0.54177,-0.28984,0.329176,-0.898684,-0.686004,0.583312,0.434907,0.667375,0.742555,0.056748,1.0
64,0.097609,0.969462,0.224976,-0.575059,-0.129559,0.807787,0.812267,-0.208222,0.544852,-0.28696,0.329348,-0.899545,-0.687351,0.583276,0.432823,0.667233,0.742507,0.059001,1.0
65,0.097526,0.969406,0.225253,-0.575971,-0.129602,0.807131,0.811631,-0.208456,0.54571,-0.286921,0.328138,-0.9,-0.687547,0.583661,0.431993,0.667048,0.742741,0.058145,1.0
66,0.097522,0.969145,0.226375,-0.576026,-0.130523,0.806942,0.811592,-0.209092,0.545525,-0.286808,0.327592,-0.900235,-0.687712,0.5838,0.431543,0.666927,0.742872,0.05785,1.0
67,0.097624,0.968653,0.228428,-0.575358,-0.13235,0.807122,0.812054,-0.210222,0.544402,-0.286798,0.327452,-0.900289,-0.68778,0.583798,0.431438,0.666862,0.742937,0.057783,1.0
68,0.097814,0.968378,0.229513,-0.574269,-0.13343,0.80772,0.812802,-0.210808,0.543058,-0.286767,0.327282,-0.900361,-0.687842,0.583825,0.431301,0.666811,0.742989,0.057696,1.0
69,0.096005,0.967792,0.232722,-0.576057,-0.136649,0.805906,0.811751,-0.211432,0.544385,-0.28678,0.327304,-0.900349,-0.687816,0.583838,0.431326,0.666832,0.74297,0.057692,1.0
70,0.094362,0.96664,0.238119,-0.577317,-0.141729,0.804125,0.811048,-0.21335,0.544684,-0.286786,0.327171,-0.900395,-0.687841,0.58387,0.431242,0.666804,0.743003,0.057595,1.0
71,0.094631,0.965355,0.243173,-0.577125,-0.145835,0.803529,0.811154,-0.21638,0.54333,-0.286766,0.326874,-0.900509,-0.687961,0.583889,0.431025,0.666688,0.743119,0.057437,1.0
72,0.094861,0.965006,0.244465,-0.577214,-0.146759,0.803296,0.811064,-0.217311,0.543093,-0.286734,0.326568,-0.900631,-0.688033,0.583972,0.430797,0.666628,0.743188,0.057245,1.0
73,0.094953,0.964766,0.245377,-0.577236,-0.147461,0.803153,0.811038,-0.217903,0.542895,-0.2844,0.329094,-0.900451,-0.684855,0.587523,0.431032,0.670887,0.739264,0.05829,1.0
74,0.095074,0.9642,0.247544,-0.57727,-0.149188,0.802808,0.810999,-0.219226,0.54242,-0.284341,0.328596,-0.900651,-0.684974,0.587662,0.430654,0.67079,0.739376,0.057983,1.0
75,0.095122,0.963577,0.24994,-0.57727,-0.151156,0.80244,0.810993,-0.220612,0.541866,-0.283454,0.334302,-0.898829,-0.681864,0.588797,0.434024,0.674324,0.735906,0.061052,1.0
76,0.095121,0.963288,0.251052,-0.577302,-0.152075,0.802243,0.81097,-0.221243,0.541643,-0.279292,0.340152,-0.897937,-0.680042,0.590133,0.435069,0.677892,0.732147,0.066498,1.0
77,0.095087,0.962833,0.252805,-0.577374,-0.153534,0.801913,0.810923,-0.222215,0.541315,-0.278869,0.345132,-0.896167,-0.681072,0.586818,0.437932,0.677031,0.73248,0.071415,1.0
78,0.095062,0.963228,0.251304,-0.577373,-0.152298,0.80215,0.810927,-0.22135,0.541664,-0.274567,0.351252,-0.895117,-0.679014,0.588302,0.439135,0.680846,0.728369,0.076977,1.0
79,0.095067,0.963895,0.248733,-0.577319,-0.150169,0.80259,0.810965,-0.219898,0.542199,-0.274837,0.351381,-0.894983,-0.678795,0.588331,0.439435,0.680956,0.728283,0.07682,1.0
80,0.095063,0.96376,0.249254,-0.577334,-0.150601,0.802498,0.810954,-0.220191,0.542095,-0.266933,0.355618,-0.895701,-0.677992,0.591223,0.436784,0.684888,0.723871,0.08329,1.0
81,0.095074,0.963499,0.25026,-0.577362,-0.151424,0.802323,0.810933,-0.220771,0.541891,-0.260815,0.35947,-0.895966,-0.676236,0.594321,0.435299,0.688969,0.719418,0.088079,1.0
82,0.097002,0.963181,0.250743,-0.575381,-0.151297,0.803769,0.812112,-0.22224,0.53952,-0.256819,0.360372,-0.896757,-0.677895,0.594173,0.432915,0.68884,0.719089,0.0917,1.0
83,0.096991,0.963095,0.251075,-0.57542,-0.151569,0.80369,0.812085,-0.222425,0.539484,-0.256842,0.360398,-0.896741,-0.677701,0.594351,0.432974,0.689022,0.718929,0.091588,1.0
84,0.096986,0.962819,0.252133,-0.575454,-0.152446,0.803499,0.812062,-0.223019,0.539274,-0.254236,0.36105,-0.897221,-0.678666,0.594341,0.431475,0.689039,0.71861,0.093929,1.0
85,0.096984,0.962563,0.25311,-0.575482,-0.153254,0.803326,0.812042,-0.22357,0.539075,-0.249687,0.3649,-0.896941,-0.681111,0.59222,0.430536,0.688289,0.718416,0.100667,1.0
86,0.096985,0.962416,0.253671,-0.575498,-0.153718,0.803226,0.812031,-0.223888,0.53896,-0.24777,0.366379,-0.89687,-0.686697,0.58661,0.429342,0.683415,0.722256,0.106247,1.0
87,0.096987,0.961932,0.255499,-0.575551,-0.155228,0.802898,0.811993,-0.224923,0.538585,-0.238601,0.365157,-0.899848,-0.708225,0.568562,0.418513,0.664443,0.737154,0.122954,1.0
88,0.102715,0.960159,0.259891,-0.576516,-0.155451,0.802162,0.810603,-0.232226,0.537579,-0.216654,0.36672,-0.904752,-0.733822,0.550056,0.398675,0.643867,0.750302,0.149935,1.0
89,0.10265,0.957502,0.269541,-0.576761,-0.16348,0.800387,0.810437,-0.237621,0.535469,-0.188214,0.370464,-0.909576,-0.769515,0.51984,0.37096,0.610262,0.769754,0.187236,1.0
90,0.108336,0.956798,0.269812,-0.577623,-0.160308,0.800407,0.809082,-0.242563,0.535301,-0.173512,0.374123,-0.911001,-0.786237,0.50443,0.356904,0.593063,0.778191,0.206625,1.0
91,0.108346,0.95561,0.273986,-0.577798,-0.163741,0.799585,0.808955,-0.244941,0.534409,-0.147633,0.384804,-0.911114,-0.803295,0.490768,0.337436,0.576992,0.781711,0.236657,1.0
92,0.108335,0.955243,0.275268,-0.577848,-0.164806,0.799331,0.808922,-0.245659,0.534131,-0.135622,0.391236,-0.910241,-0.807376,0.488848,0.33041,0.574238,0.779718,0.249576,1.0
93,0.108323,0.955069,0.275876,-0.577872,-0.165314,0.799209,0.808906,-0.245994,0.534,-0.136299,0.390978,-0.910251,-0.807134,0.488936,0.33087,0.574418,0.779792,0.24893,1.0
94,0.108276,0.954081,0.279292,-0.578006,-0.168157,0.798518,0.808816,-0.247892,0.533257,-0.136309,0.390507,-0.910452,-0.807307,0.488868,0.33055,0.574173,0.780072,0.248622,1.0
95,0.10826,0.953944,0.279766,-0.578025,-0.168557,0.79842,0.808805,-0.248149,0.533155,-0.134809,0.387326,-0.912033,-0.807769,0.490124,0.327545,0.573876,0.780869,0.246797,1.0
96,0.108256,0.953741,0.280459,-0.578052,-0.169131,0.798279,0.808786,-0.248538,0.533002,-0.134502,0.386564,-0.912401,-0.807964,0.490281,0.326828,0.573673,0.781147,0.246387,1.0
97,0.108249,0.953694,0.28062,-0.578037,-0.169275,0.79826,0.808798,-0.24862,0.532947,-0.133182,0.383933,-0.913705,-0.808151,0.491607,0.324367,0.573719,0.781612,0.244802,1.0
98,0.108238,0.95347,0.281386,-0.578089,-0.169905,0.798088,0.808762,-0.249049,0.5328,-0.12928,0.382509,-0.914861,-0.809173,0.492589,0.3203,0.573169,0.781691,0.245834,1.0
99,0.108195,0.953349,0.281811,-0.578129,-0.170272,0.797981,0.808739,-0.249261,0.532736,-0.122942,0.376746,-0.918121,-0.806905,0.500632,0.313481,0.577743,0.779377,0.24245,1.0
100,0.108187,0.954119,0.279196,-0.578047,-0.168114,0.798497,0.808799,-0.247776,0.533339,-0.126761,0.374649,-0.91846,-0.805718,0.501188,0.31564,0.578575,0.780031,0.23833,1.0
101,0.10811,0.955064,0.275976,-0.577929,-0.165498,0.799129,0.808894,-0.245889,0.534067,-0.127493,0.377044,-0.917377,-0.788566,0.522469,0.324328,0.601588,0.764763,0.230713,1.0
102,0.106445,0.957011,0.269811,-0.579601,-0.160763,0.798885,0.807918,-0.24142,0.537572,-0.118552,0.384814,-0.915348,-0.753305,0.565721,0.335395,0.646896,0.729298,0.222815,1.0
103,0.104066,0.958856,0.264128,-0.581538,-0.156778,0.798269,0.806835,-0.236673,0.541296,-0.084363,0.401827,-0.91182,-0.706483,0.621193,0.339117,0.702683,0.672795,0.231478,1.0
104,0.103917,0.960405,0.2585,-0.581113,-0.152299,0.799445,0.80716,-0.233294,0.542277,-0.070332,0.407258,-0.9106,-0.690668,0.638775,0.339032,0.719742,0.652768,0.236354,1.0
105,0.102094,0.961144,0.256474,-0.58271,-0.151176,0.798495,0.806241,-0.230971,0.544634,-0.043772,0.413362,-0.909513,-0.659768,0.67166,0.337013,0.750193,0.61482,0.243323,1.0
106,0.101578,0.961568,0.255083,-0.582609,-0.15034,0.798726,0.806379,-0.229747,0.544947,-0.019684,0.396478,-0.917832,-0.632756,0.70583,0.318469,0.7741,0.587033,0.236981,1.0
107,0.101503,0.962153,0.252899,-0.582556,-0.148582,0.799094,0.806427,-0.228438,0.545426,-0.011923,0.383684,-0.923387,-0.624218,0.718558,0.306634,0.781158,0.580051,0.230935,1.0
108,0.101345,0.962625,0.251159,-0.582557,-0.147226,0.799344,0.806446,-0.227325,0.545863,-0.000553,0.357103,-0.934064,-0.611274,0.739115,0.282935,0.791418,0.571125,0.217879,1.0
109,0.101273,0.96314,0.249206,-0.582483,-0.145665,0.799684,0.806509,-0.226145,0.546261,0.005783,0.340289,-0.940302,-0.603289,0.751105,0.268109,0.797501,0.565724,0.209636,1.0
110,0.101252,0.963056,0.249539,-0.582497,-0.14595,0.799622,0.806501,-0.22632,0.546199,0.007911,0.333606,-0.942678,-0.600471,0.755404,0.262292,0.799606,0.563977,0.206297,1.0
111,0.101287,0.96384,0.246481,-0.5824,-0.143419,0.80015,0.806566,-0.224595,0.546814,0.011452,0.325693,-0.945405,-0.594904,0.762155,0.255357,0.803714,0.559502,0.202484,1.0
112,0.101322,0.963748,0.246825,-0.582412,-0.143681,0.800094,0.806554,-0.224821,0.54674,0.019157,0.323958,-0.945877,-0.586905,0.769545,0.251678,0.809428,0.550319,0.204875,1.0
113,0.101373,0.963686,0.247044,-0.582418,-0.143833,0.800063,0.806543,-0.224988,0.546687,0.023646,0.322512,-0.946269,-0.577555,0.777003,0.25039,0.816008,0.540602,0.204642,1.0
114,0.100572,0.963758,0.24709,-0.583379,-0.144054,0.799322,0.805948,-0.224537,0.547749,0.02376,0.319862,-0.947165,-0.577084,0.778033,0.248269,0.816338,0.540695,0.203073,1.0
115,0.097654,0.963944,0.247534,-0.586444,-0.145218,0.796865,0.804081,-0.222982,0.551118,0.026887,0.306313,-0.95155,-0.570377,0.786434,0.237044,0.820942,0.53637,0.195859,1.0
116,0.096391,0.964034,0.247682,-0.587627,-0.14573,0.7959,0.803369,-0.222263,0.552445,0.027322,0.294374,-0.955299,-0.568816,0.790431,0.227302,0.82201,0.537179,0.189041,1.0
117,0.09564,0.964102,0.247707,-0.58815,-0.146032,0.795457,0.803076,-0.221767,0.55307,0.027226,0.292308,-0.955936,-0.568671,0.791001,0.225677,0.822113,0.537469,0.187763,1.0
118,0.094915,0.96396,0.248536,-0.588775,-0.146956,0.794825,0.802704,-0.221773,0.553607,0.026983,0.289262,-0.956869,-0.568368,0.791876,0.223358,0.822331,0.537827,0.185774,1.0
119,0.093845,0.963975,0.248885,-0.589573,-0.147632,0.794108,0.802244,-0.221259,0.554479,0.026702,0.289332,-0.956855,-0.568118,0.791981,0.223624,0.822513,0.537636,0.185522,1.0
120,0.093909,0.963857,0.249317,-0.589499,-0.147971,0.794099,0.802291,-0.221545,0.554297,0.026428,0.291297,-0.956267,-0.567908,0.791614,0.225446,0.822667,0.537114,0.186351,1.0
121,0.093914,0.963711,0.249879,-0.589537,-0.148422,0.793987,0.802262,-0.22188,0.554204,0.026318,0.292179,-0.956,-0.567738,0.7915,0.226274,0.822787,0.536803,0.186712,1.0
122,0.093921,0.963518,0.25062,-0.589623,-0.149004,0.793814,0.802198,-0.222327,0.554118,0.026176,0.293701,-0.955538,-0.567203,0.791466,0.227732,0.823161,0.536023,0.187305,1.0
123,0.093926,0.963422,0.250988,-0.589614,-0.149307,0.793764,0.802204,-0.222542,0.554023,0.032117,0.294994,-0.954958,-0.568119,0.79148,0.225387,0.822319,0.535292,0.193012,1.0
124,0.093927,0.963364,0.251211,-0.5896,-0.149494,0.79374,0.802215,-0.222667,0.553958,0.03429,0.295347,-0.954774,-0.568355,0.791576,0.224452,0.822067,0.534955,0.195005,1.0
125,0.093941,0.963154,0.252009,-0.589665,-0.150125,0.793572,0.802165,-0.22315,0.553835,0.037545,0.295625,-0.954565,-0.56848,0.791926,0.222897,0.821839,0.534282,0.19779,1.0
126,0.093997,0.963041,0.252419,-0.589695,-0.150422,0.793493,0.802136,-0.223437,0.553761,0.040099,0.298323,-0.953622,-0.568705,0.791536,0.223705,0.821563,0.533359,0.201397,1.0
127,0.094096,0.962965,0.25267,-0.58972,-0.150566,0.793448,0.802107,-0.223665,0.553712,0.045166,0.308311,-0.950212,-0.570995,0.788458,0.228687,0.81971,0.532238,0.211655,1.0
128,0.094165,0.963,0.252511,-0.589712,-0.150399,0.793485,0.802104,-0.223627,0.553731,0.050079,0.312153,-0.94871,-0.572521,0.78731,0.228826,0.818358,0.531698,0.218142,1.0
129,0.094306,0.96302,0.252383,-0.589745,-0.150204,0.793498,0.802063,-0.223673,0.553771,0.059117,0.316736,-0.946669,-0.574752,0.786171,0.227144,0.816188,0.530672,0.228521,1.0
130,0.094451,0.963051,0.252209,-0.589945,-0.149922,0.793402,0.801899,-0.223727,0.553987,0.071972,0.320097,-0.944646,-0.577236,0.785743,0.222273,0.813398,0.529287,0.241323,1.0
131,0.096485,0.962942,0.251857,-0.587938,-0.149036,0.795057,0.80313,-0.224788,0.55177,0.07783,0.322544,-0.943349,-0.578163,0.78546,0.220859,0.8122,0.52822,0.247615,1.0
132,0.096591,0.96302,0.251517,-0.588532,-0.148529,0.794712,0.802682,-0.224788,0.552422,0.091743,0.322617,-0.942072,-0.579109,0.786909,0.213085,0.810071,0.526013,0.259024,1.0
133,0.098613,0.962877,0.251282,-0.586596,-0.147732,0.796291,0.803853,-0.225926,0.550252,0.100739,0.323366,-0.940896,-0.579109,0.788049,0.208832,0.809001,0.523844,0.266651,1.0
134,0.098659,0.962836,0.251418,-0.586971,-0.147712,0.796018,0.803573,-0.22611,0.550584,0.103174,0.323913,-0.940443,-0.578474,0.788687,0.208181,0.809149,0.522543,0.268747,1.0
135,0.098652,0.96277,0.251672,-0.587028,-0.147911,0.795939,0.803532,-0.22626,0.550581,0.10313,0.323873,-0.940462,-0.578202,0.788865,0.208261,0.809348,0.522299,0.26862,1.0
136,0.098618,0.962497,0.252733,-0.587125,-0.14878,0.795706,0.803466,-0.226857,0.550433,0.103782,0.323659,-0.940464,-0.583306,0.785688,0.206025,0.805594,0.527197,0.270332,1.0
137,0.098575,0.962304,0.253481,-0.587127,-0.149422,0.795584,0.80347,-0.22725,0.550266,0.103382,0.326092,-0.939667,-0.584064,0.784599,0.20802,0.805096,0.527321,0.271572,1.0
138,0.09856,0.962179,0.253959,-0.58712,-0.149827,0.795512,0.803476,-0.22751,0.550148,0.103372,0.325638,-0.939826,-0.584197,0.784611,0.207602,0.805001,0.527584,0.271343,1.0
139,0.098541,0.961998,0.254653,-0.587142,-0.150406,0.795388,0.803463,-0.227896,0.550008,0.102705,0.333301,-0.937209,-0.585516,0.781928,0.213913,0.804127,0.526781,0.275461,1.0
140,0.098532,0.961833,0.255279,-0.587161,-0.150923,0.795275,0.80345,-0.22825,0.54988,0.10146,0.348016,-0.931981,-0.587786,0.776786,0.226074,0.802628,0.524868,0.283371,1.0
141,0.098527,0.961653,0.255956,-0.58716,-0.151486,0.795169,0.803451,-0.228633,0.549719,0.103531,0.359583,-0.927351,-0.589946,0.772848,0.233812,0.800777,0.522881,0.292148,1.0
142,0.098526,0.96155,0.256347,-0.587173,-0.151807,0.795099,0.803442,-0.228858,0.549638,0.102973,0.36504,-0.925279,-0.590587,0.770946,0.238428,0.800376,0.521906,0.294974,1.0
143,0.098496,0.960683,0.259585,-0.587295,-0.154466,0.794496,0.803357,-0.230707,0.54899,0.102714,0.369372,-0.923587,-0.590931,0.769552,0.24205,0.800155,0.520915,0.297317,1.0
144,0.0985,0.960618,0.259824,-0.587302,-0.15466,0.794453,0.803351,-0.230849,0.548939,0.105753,0.370799,-0.922671,-0.59164,0.769236,0.241325,0.799235,0.520369,0.300728,1.0
145,0.098501,0.960563,0.260028,-0.587308,-0.154825,0.794416,0.803346,-0.230967,0.548896,0.105609,0.370608,-0.922765,-0.591562,0.769311,0.241273,0.799312,0.520392,0.300484,1.0
146,0.098783,0.960391,0.260556,-0.587017,-0.155187,0.79456,0.803524,-0.23144,0.548437,0.108266,0.372653,-0.921632,-0.592497,0.76862,0.241183,0.798263,0.519953,0.304011,1.0
147,0.100478,0.960221,0.260533,-0.585368,-0.154688,0.795874,0.804517,-0.232476,0.54654,0.110279,0.381042,-0.917956,-0.594415,0.765496,0.246346,0.79656,0.51848,0.310915,1.0
148,0.10045,0.960179,0.260701,-0.585404,-0.154833,0.795819,0.804494,-0.232556,0.546539,0.108926,0.393396,-0.912893,-0.596244,0.760671,0.256655,0.795379,0.51635,0.317417,1.0
149,0.100444,0.960135,0.260864,-0.585409,-0.15497,0.795789,0.804491,-0.232645,0.546506,0.108582,0.397021,-0.911363,-0.596796,0.759223,0.25964,0.795011,0.515706,0.319378,1.0
150,0.100432,0.960064,0.261129,-0.585417,-0.155194,0.795739,0.804487,-0.232787,0.546451,0.10824,0.400504,-0.909878,-0.597585,0.757649,0.262407,0.794464,0.515328,0.321344,1.0
151,0.100414,0.959987,0.261419,-0.585426,-0.155441,0.795684,0.804482,-0.23294,0.546393,0.105342,0.39941,-0.910699,-0.597619,0.7574,0.26305,0.794829,0.516541,0.318481,1.0
152,0.1004,0.959931,0.26163,-0.585433,-0.155622,0.795643,0.804479,-0.23305,0.546351,0.102868,0.398981,-0.91117,-0.597475,0.757152,0.264087,0.79526,0.517236,0.316268,1.0
153,0.100379,0.959882,0.261821,-0.58544,-0.155791,0.795606,0.804477,-0.233143,0.546315,0.102717,0.398301,-0.911484,-0.598551,0.75662,0.263176,0.794471,0.518538,0.316122,1.0
154,0.100367,0.959803,0.262113,-0.585471,-0.15603,0.795536,0.804456,-0.233306,0.546276,0.098844,0.405867,-0.90857,-0.600408,0.752445,0.270806,0.793561,0.518745,0.318061,1.0
155,0.10037,0.959782,0.26219,-0.585473,-0.156092,0.795522,0.804454,-0.233352,0.54626,0.098346,0.4117,-0.905997,-0.60205,0.749518,0.275241,0.792378,0.518386,0.321576,1.0
156,0.10038,0.959704,0.262471,-0.585524,-0.156304,0.795443,0.804415,-0.23353,0.54624,0.093976,0.424476,-0.900548,-0.604431,0.743093,0.287184,0.791094,0.517331,0.326399,1.0
157,0.100386,0.959538,0.263076,-0.585543,-0.156797,0.795332,0.804401,-0.233882,0.546111,0.090021,0.434528,-0.896147,-0.605751,0.738121,0.297055,0.790545,0.516101,0.329662,1.0
158,0.100383,0.959465,0.263342,-0.585552,-0.157017,0.795282,0.804395,-0.234034,0.546055,0.086925,0.437311,-0.895099,-0.605591,0.736622,0.301075,0.791013,0.515893,0.328862,1.0
159,0.100373,0.959382,0.263646,-0.585605,-0.157259,0.795196,0.804358,-0.234209,0.546034,0.086906,0.437682,-0.894919,-0.605567,0.736509,0.301401,0.791034,0.51574,0.329053,1.0
160,0.100369,0.959267,0.264068,-0.585661,-0.157594,0.795088,0.804317,-0.234456,0.545988,0.086762,0.438076,-0.89474,-0.605201,0.736582,0.301954,0.791329,0.5153,0.329032,1.0
161,0.100369,0.95919,0.264348,-0.585734,-0.157805,0.794992,0.804264,-0.23463,0.545991,0.086876,0.436321,-0.895586,-0.604479,0.737668,0.300748,0.791869,0.515236,0.327832,1.0
162,0.100372,0.959157,0.264468,-0.585738,-0.157902,0.79497,0.804261,-0.234701,0.545965,0.087352,0.431778,-0.897739,-0.603626,0.739842,0.297101,0.792467,0.515947,0.325259,1.0
163,0.10038,0.959061,0.264812,-0.585769,-0.158173,0.794893,0.804237,-0.23491,0.545911,0.08751,0.430016,-0.898569,-0.603084,0.74081,0.295786,0.792862,0.516029,0.324164,1.0
164,0.106115,0.958387,0.265015,-0.586584,-0.154871,0.794942,0.802906,-0.239809,0.545741,0.090193,0.430248,-0.898193,-0.603767,0.740863,0.294257,0.792042,0.515759,0.32659,1.0
165,0.106111,0.958285,0.265384,-0.586604,-0.155173,0.794869,0.802892,-0.24002,0.545668,0.090292,0.429967,-0.898318,-0.603638,0.74106,0.294025,0.792129,0.515711,0.326456,1.0
166,0.106111,0.958246,0.265524,-0.586608,-0.155288,0.794843,0.802889,-0.240101,0.545638,0.090306,0.429811,-0.898391,-0.603539,0.741178,0.293929,0.792202,0.515671,0.32634,1.0
167,0.106114,0.958123,0.265967,-0.586624,-0.155649,0.79476,0.802876,-0.240358,0.545542,0.09046,0.429509,-0.898519,-0.608192,0.73826,0.291672,0.788617,0.520088,0.328007,1.0
168,0.10612,0.957966,0.26653,-0.586644,-0.156106,0.794656,0.802861,-0.240687,0.54542,0.080906,0.433329,-0.897596,-0.620985,0.726323,0.294671,0.779635,0.533553,0.327855,1.0
169,0.106129,0.957928,0.266665,-0.586649,-0.156212,0.794632,0.802857,-0.240772,0.545388,0.077661,0.435289,-0.896934,-0.625265,0.721995,0.296252,0.776538,0.537815,0.328242,1.0
170,0.106136,0.957781,0.267187,-0.586667,-0.156636,0.794535,0.802842,-0.241079,0.545274,0.07077,0.441617,-0.894407,-0.638908,0.708651,0.299346,0.76602,0.55026,0.332304,1.0
171,0.106135,0.957564,0.267965,-0.586697,-0.157273,0.794387,0.802821,-0.241527,0.545107,0.072461,0.446555,-0.891816,-0.644761,0.703175,0.29971,0.760941,0.553291,0.338875,1.0
172,0.106129,0.957304,0.268893,-0.586731,-0.158036,0.79421,0.802796,-0.242057,0.544908,0.084756,0.459688,-0.884026,-0.649328,0.698437,0.300928,0.75577,0.548518,0.357685,1.0
173,0.106122,0.957209,0.269234,-0.586766,-0.158312,0.79413,0.802772,-0.242252,0.544857,0.089343,0.469887,-0.878193,-0.656441,0.690899,0.30289,0.749067,0.549422,0.37018,1.0
174,0.434147,-0.887801,0.152721,0.770076,0.453723,0.448461,-0.467438,-0.077091,0.880657,0.895615,0.013109,-0.444635,0.187931,0.894827,0.404925,0.40318,-0.446218,0.798957,0.0
175,0.440725,-0.885155,0.149201,0.768802,0.458016,0.446277,-0.463361,-0.08198,0.882368,0.891946,0.031374,-0.451051,0.180279,0.890182,0.418418,0.414646,-0.454522,0.788338,0.0
176,0.464651,-0.874805,0.137169,0.762387,0.474016,0.440537,-0.450405,-0.100119,0.887192,0.882073,0.079527,-0.464349,0.159753,0.876757,0.453624,0.443197,-0.474311,0.76066,0.0
177,0.480033,-0.867901,0.127728,0.760776,0.484359,0.43199,-0.436792,-0.110197,0.892787,0.87077,0.136576,-0.47234,0.134099,0.858263,0.49538,0.473049,-0.494703,0.729035,0.0
178,0.504083,-0.856328,0.112254,0.754042,0.499746,0.426231,-0.421092,-0.130212,0.897622,0.858399,0.199341,-0.472665,0.104533,0.834103,0.541612,0.502217,-0.514328,0.695156,0.0
179,0.505918,-0.855784,0.108071,0.755559,0.5001,0.423119,-0.416145,-0.132409,0.899605,0.855326,0.222266,-0.467988,0.097898,0.817687,0.567276,0.508754,-0.531022,0.67763,0.0
180,0.520176,-0.847891,0.102456,0.75227,0.511669,0.41507,-0.404358,-0.138835,0.904001,0.85994,0.224234,-0.458498,0.123063,0.780725,0.612636,0.495335,-0.583255,0.643782,0.0
181,0.533652,-0.840728,0.091603,0.749352,0.52028,0.409608,-0.392029,-0.149945,0.90765,0.862624,0.231122,-0.449956,0.135385,0.751578,0.6456,0.48739,-0.617828,0.617039,0.0
182,0.540461,-0.836831,0.087254,0.747772,0.525285,0.406093,-0.385665,-0.154231,0.909655,0.864136,0.229733,-0.447761,0.142708,0.741344,0.655775,0.482599,-0.630579,0.607838,0.0
183,0.558898,-0.825581,0.077769,0.741612,0.539597,0.398553,-0.371003,-0.165076,0.913841,0.863057,0.225096,-0.452175,0.154802,0.734257,0.660985,0.480799,-0.640466,0.598861,0.0
184,0.572282,-0.817459,0.065215,0.73908,0.548596,0.3909,-0.355322,-0.175506,0.918119,0.868068,0.199607,-0.454547,0.177787,0.729885,0.660045,0.463517,-0.653777,0.598102,0.0
185,0.594836,-0.802206,0.051334,0.730212,0.565945,0.382749,-0.336096,-0.190188,0.922424,0.869811,0.179962,-0.459393,0.196115,0.72828,0.656618,0.452733,-0.661227,0.598172,0.0
186,0.605176,-0.795063,0.040444,0.726322,0.572224,0.380808,-0.32591,-0.201081,0.923769,0.870773,0.166268,-0.462718,0.208635,0.727216,0.653932,0.445225,-0.665965,0.598551,0.0
187,0.62063,-0.783749,0.023556,0.721047,0.582266,0.375574,-0.308072,-0.216108,0.926492,0.87631,0.135934,-0.462169,0.229514,0.725684,0.648617,0.423558,-0.674465,0.604726,0.0
188,0.629565,-0.776888,0.009503,0.717976,0.586412,0.375008,-0.296912,-0.229269,0.926972,0.882792,0.120726,-0.453985,0.231962,0.728351,0.644746,0.408499,-0.674484,0.614979,0.0
189,0.638032,-0.770009,-0.0003,0.713527,0.591084,0.376161,-0.28947,-0.240217,0.926553,0.885547,0.116022,-0.449827,0.231009,0.730117,0.643089,0.403039,-0.6734,0.619751,0.0
190,0.654334,-0.755727,-0.026889,0.706986,0.59874,0.376403,-0.268358,-0.265304,0.926065,0.891769,0.102629,-0.440697,0.232725,0.73122,0.641214,0.388054,-0.674377,0.628195,0.0
191,0.661537,-0.748633,-0.043764,0.704834,0.600785,0.37718,-0.256077,-0.280365,0.925104,0.893701,0.090473,-0.439445,0.236906,0.736622,0.633452,0.381015,-0.670225,0.636887,0.0
192,0.664103,-0.745276,-0.059419,0.706026,0.59901,0.377774,-0.245953,-0.292832,0.923988,0.897297,0.066148,-0.436442,0.24495,0.747907,0.616956,0.367229,-0.660499,0.654892,0.0
193,0.663006,-0.745466,-0.068576,0.708644,0.595437,0.378518,-0.24134,-0.299556,0.923049,0.900033,0.053573,-0.432514,0.245579,0.757515,0.604863,0.360041,-0.650614,0.668633,0.0
194,0.661946,-0.745387,-0.078901,0.711993,0.592381,0.377028,-0.234293,-0.305749,0.922834,0.903736,0.020954,-0.427574,0.252788,0.779946,0.572522,0.345481,-0.625495,0.699569,0.0
195,0.665037,-0.741307,-0.090491,0.714859,0.596832,0.364371,-0.216103,-0.307009,0.926846,0.91015,-0.015925,-0.41397,0.2548,0.809425,0.529063,0.326652,-0.587006,0.740757,0.0
196,0.667205,-0.73815,-0.099857,0.716563,0.599446,0.356653,-0.203405,-0.309515,0.928884,0.915076,-0.039293,-0.401362,0.258404,0.821222,0.508745,0.309617,-0.569254,0.761634,0.0
197,0.675439,-0.729117,-0.110314,0.714705,0.610434,0.341417,-0.181593,-0.309449,0.933415,0.928067,-0.079291,-0.363872,0.256256,0.844945,0.469468,0.270228,-0.528942,0.804484,0.0
198,0.6773,-0.725798,-0.120337,0.716952,0.614449,0.32929,-0.165057,-0.309304,0.936529,0.93858,-0.100158,-0.330202,0.24333,0.870614,0.427574,0.244653,-0.481661,0.841513,0.0
199,0.679296,-0.723724,-0.121567,0.717001,0.619211,0.320133,-0.156413,-0.304629,0.93954,0.948891,-0.102037,-0.29865,0.219751,0.892821,0.393164,0.226524,-0.438699,0.869614,0.0
200,0.680819,-0.723286,-0.115504,0.715883,0.623742,0.313777,-0.154906,-0.296313,0.942444,0.952379,-0.100273,-0.287956,0.209491,0.901378,0.378986,0.221556,-0.421263,0.87946,0.0
201,0.681514,-0.724937,-0.100012,0.714979,0.630462,0.302194,-0.156018,-0.277456,0.947984,0.958125,-0.0878,-0.272554,0.186213,0.914128,0.360129,0.21753,-0.395802,0.892199,0.0
202,0.679501,-0.728819,-0.084259,0.715475,0.63284,0.295986,-0.162398,-0.261408,0.951468,0.958759,-0.085188,-0.27115,0.18311,0.91478,0.360064,0.21737,-0.394865,0.892653,0.0
203,0.674149,-0.734328,-0.079273,0.720092,0.629592,0.291686,-0.164283,-0.253724,0.953223,0.958058,-0.079064,-0.275449,0.178927,0.915847,0.359456,0.22385,-0.393665,0.891581,0.0
204,0.66731,-0.741753,-0.067076,0.725149,0.62654,0.285667,-0.169869,-0.239269,0.955978,0.957274,-0.063439,-0.282136,0.168141,0.915874,0.364556,0.235274,-0.396419,0.88741,0.0
205,0.661486,-0.747344,-0.062545,0.731064,0.623975,0.27604,-0.16727,-0.228322,0.959108,0.955967,-0.05686,-0.287911,0.166563,0.912852,0.372768,0.241625,-0.404309,0.882128,0.0
206,0.660589,-0.747912,-0.065179,0.734069,0.625279,0.264891,-0.15736,-0.22283,0.962072,0.955271,-0.052572,-0.29102,0.165256,0.910984,0.377885,0.245248,-0.409075,0.878925,0.0
207,0.66007,-0.748018,-0.069103,0.73588,0.625379,0.259577,-0.150954,-0.22219,0.963246,0.954986,-0.052321,-0.291998,0.165563,0.910761,0.378287,0.246148,-0.409603,0.878427,0.0
208,0.663619,-0.743649,-0.081212,0.735638,0.629024,0.251325,-0.135814,-0.226527,0.964489,0.954988,-0.053471,-0.291783,0.166731,0.910301,0.378881,0.245352,-0.410477,0.878242,0.0
209,0.678155,-0.728146,-0.099542,0.725148,0.640961,0.251651,-0.119436,-0.242841,0.962684,0.954772,-0.055025,-0.292199,0.168561,0.90972,0.379467,0.244939,-0.411558,0.877852,0.0
210,0.689288,-0.716443,-0.107658,0.716029,0.651039,0.25189,-0.110375,-0.250711,0.961748,0.954253,-0.05608,-0.29369,0.170087,0.909652,0.378947,0.245905,-0.411565,0.877577,0.0
211,0.70029,-0.704041,-0.117981,0.706878,0.660852,0.252183,-0.099579,-0.259999,0.96046,0.954907,-0.056929,-0.291393,0.170436,0.908736,0.380985,0.24311,-0.413469,0.877461,0.0
212,0.714213,-0.687177,-0.132988,0.694757,0.672973,0.25381,-0.084915,-0.273669,0.958067,0.954983,-0.057842,-0.290964,0.171325,0.908245,0.381755,0.242186,-0.414419,0.877269,0.0
213,0.718868,-0.680625,-0.141341,0.690768,0.676635,0.254958,-0.077895,-0.280915,0.956565,0.954689,-0.058456,-0.291804,0.172221,0.908174,0.381522,0.242707,-0.41449,0.877092,0.0
214,0.730354,-0.664459,-0.15835,0.680389,0.687166,0.2547,-0.060425,-0.293761,0.953966,0.954281,-0.061767,-0.292457,0.174883,0.90885,0.378691,0.242409,-0.412523,0.8781,0.0
215,0.735999,-0.656372,-0.165772,0.675022,0.692906,0.253427,-0.051478,-0.298422,0.953044,0.953449,-0.063372,-0.294816,0.177376,0.908506,0.378356,0.243866,-0.413037,0.877456,0.0
216,0.742783,-0.645626,-0.177312,0.668594,0.701251,0.247442,-0.035415,-0.302345,0.952539,0.952951,-0.066728,-0.295685,0.180255,0.909,0.3758,0.243702,-0.411418,0.878261,0.0
217,0.744331,-0.642243,-0.18301,0.667216,0.703649,0.244335,-0.028148,-0.303974,0.952263,0.952656,-0.06728,-0.29651,0.181147,0.908829,0.375786,0.244194,-0.411707,0.877989,0.0
218,0.747128,-0.637773,-0.187202,0.664312,0.707134,0.242177,-0.022077,-0.305298,0.952,0.951971,-0.068615,-0.298397,0.183253,0.908424,0.375742,0.24529,-0.412378,0.877368,0.0
219,0.748878,-0.635689,-0.187297,0.66233,0.708404,0.243891,-0.022356,-0.306697,0.951543,0.952247,-0.069057,-0.297413,0.183667,0.907694,0.377301,0.243905,-0.413909,0.877033,0.0
220,0.749494,-0.634515,-0.188806,0.661657,0.708674,0.244931,-0.02161,-0.308499,0.950978,0.95203,-0.06945,-0.298016,0.18434,0.907519,0.377394,0.244246,-0.414227,0.876788,0.0
221,0.750757,-0.63283,-0.189442,0.66023,0.709552,0.246234,-0.021405,-0.309937,0.950515,0.951792,-0.072275,-0.298104,0.186465,0.907992,0.375207,0.243558,-0.412705,0.877697,0.0
222,0.751643,-0.631452,-0.190528,0.659239,0.710095,0.247322,-0.020879,-0.311501,0.950016,0.951314,-0.073049,-0.299438,0.187951,0.907465,0.37574,0.244283,-0.413727,0.877014,0.0
223,0.752736,-0.630581,-0.189088,0.657963,0.711153,0.247678,-0.02171,-0.310849,0.950211,0.950765,-0.074066,-0.300931,0.189649,0.907029,0.375938,0.245109,-0.4145,0.876418,0.0
224,0.753607,-0.62988,-0.187955,0.656943,0.711986,0.247992,-0.022384,-0.310364,0.950353,0.950297,-0.074972,-0.302181,0.191021,0.906826,0.375734,0.245857,-0.414782,0.876076,0.0
225,0.755865,-0.628034,-0.185042,0.654282,0.714142,0.248828,-0.024127,-0.30915,0.950706,0.949039,-0.077437,-0.305493,0.194614,0.906442,0.374815,0.247887,-0.415168,0.87532,0.0
226,0.757722,-0.626795,-0.181617,0.651991,0.715344,0.251377,-0.027644,-0.308886,0.950696,0.947867,-0.073194,-0.310144,0.19275,0.906722,0.375102,0.253759,-0.415328,0.87356,0.0
227,0.758216,-0.626881,-0.179241,0.651245,0.714911,0.254519,-0.031412,-0.30971,0.950311,0.947468,-0.073599,-0.311264,0.193493,0.906783,0.37457,0.254681,-0.415121,0.87339,0.0
228,0.759575,-0.626266,-0.1756,0.649432,0.715392,0.25778,-0.035817,-0.309843,0.950112,0.947979,-0.048853,-0.314559,0.169756,0.913506,0.369714,0.26929,-0.403879,0.874279,0.0
229,0.761538,-0.623919,-0.175453,0.64712,0.716943,0.259282,-0.035982,-0.310992,0.94973,0.947413,-0.030149,-0.318586,0.152076,0.918368,0.365337,0.281565,-0.394575,0.874659,0.0
