,r1,r2,r3,r4,r5,r6,r7,r8,r9,r10,r11,r12,r13,r14,r15,r16,r17,r18,status
0,0.560094,0.681575,0.470902,-0.798007,0.596511,0.085775,-0.222436,-0.423825,0.878005,0.257875,0.02356,-0.96589,0.17273,0.982472,0.07008,0.950612,-0.18491,0.249286,1.0
1,0.562257,0.681545,0.468361,-0.798442,0.594863,0.092883,-0.215307,-0.426184,0.87864,0.257945,0.023629,-0.96587,0.17271,0.98247,0.070159,0.950597,-0.184913,0.249343,1.0
2,0.566128,0.680757,0.464831,-0.79772,0.594534,0.100851,-0.207703,-0.4279,0.879636,0.257958,0.023643,-0.965866,0.172732,0.982465,0.070182,0.950589,-0.18494,0.249351,1.0
3,0.568498,0.680429,0.462413,-0.797284,0.594269,0.105743,-0.202848,-0.428789,0.880336,0.258044,0.023745,-0.965841,0.17268,0.982466,0.070288,0.950575,-0.184919,0.249419,1.0
4,0.572879,0.676429,0.462874,-0.793502,0.599182,0.106458,-0.205335,-0.428279,0.880007,0.258043,0.023745,-0.965841,0.17268,0.982466,0.070288,0.950575,-0.184919,0.249419,1.0
5,0.591348,0.660931,0.462035,-0.777983,0.618374,0.111153,-0.212246,-0.425186,0.879868,0.258055,0.02375,-0.965837,0.172728,0.982456,0.070309,0.950563,-0.184971,0.249425,1.0
6,0.619847,0.632912,0.463908,-0.750629,0.650573,0.115367,-0.228789,-0.419734,0.878338,0.258014,0.023708,-0.96585,0.172716,0.982463,0.070254,0.950577,-0.184944,0.249394,1.0
7,0.631642,0.619776,0.465731,-0.738559,0.663704,0.118431,-0.235707,-0.418776,0.876965,0.257999,0.023692,-0.965854,0.17272,0.982463,0.070237,0.95058,-0.184944,0.249383,1.0
8,0.632217,0.618631,0.466472,-0.737454,0.665111,0.11742,-0.237616,-0.418237,0.876707,0.258096,0.0238,-0.965825,0.172716,0.982455,0.070364,0.950555,-0.184975,0.249458,1.0
9,0.55986,0.683907,0.467789,-0.805631,0.581271,0.114378,-0.193688,-0.440901,0.876407,0.258084,0.023785,-0.965829,0.172695,0.98246,0.070341,0.950562,-0.184948,0.249449,1.0
10,0.387015,0.792136,0.471951,-0.917379,0.382362,0.110513,-0.092914,-0.475728,0.87467,0.258084,0.023781,-0.965829,0.172695,0.98246,0.070337,0.950562,-0.184947,0.24945,1.0
11,0.315119,0.820922,0.47622,-0.947684,0.29911,0.111477,-0.050928,-0.486435,0.87223,0.25807,0.023761,-0.965833,0.1727,0.982461,0.070316,0.950565,-0.184946,0.24944,1.0
12,0.226126,0.841338,0.490934,-0.974067,0.191304,0.120811,0.007726,-0.505521,0.862779,0.258083,0.023777,-0.965829,0.172695,0.982461,0.070333,0.950562,-0.184946,0.249451,1.0
13,0.148627,0.846473,0.511265,-0.986436,0.090484,0.136951,0.069664,-0.524685,0.84844,0.258084,0.023777,-0.965829,0.172695,0.98246,0.070333,0.950562,-0.184946,0.249451,1.0
14,0.101659,0.847708,0.520629,-0.988951,0.029358,0.145302,0.107889,-0.529648,0.841327,0.258098,0.023797,-0.965825,0.172691,0.98246,0.070355,0.950559,-0.184947,0.249461,1.0
15,-0.011766,0.844517,0.535398,-0.980689,-0.11428,0.158709,0.195218,-0.523192,0.829553,0.258084,0.023781,-0.965829,0.172695,0.98246,0.070337,0.950562,-0.184947,0.24945,1.0
16,-0.117583,0.82928,0.546322,-0.957361,-0.240845,0.159536,0.263879,-0.504269,0.82224,0.258083,0.023781,-0.965829,0.172695,0.98246,0.070337,0.950562,-0.184947,0.24945,1.0
17,-0.179941,0.808288,0.560616,-0.939916,-0.309376,0.144369,0.290133,-0.500955,0.815393,0.258041,0.023726,-0.965842,0.17271,0.982462,0.070276,0.950571,-0.184944,0.249418,1.0
18,-0.201977,0.798406,0.567231,-0.933089,-0.332841,0.13624,0.297573,-0.50176,0.81221,0.258126,0.023823,-0.965817,0.172658,0.982464,0.070379,0.950557,-0.184923,0.249486,1.0
19,-0.233906,0.78715,0.570686,-0.920526,-0.368212,0.130581,0.31292,-0.494787,0.810719,0.258139,0.023834,-0.965813,0.17268,0.982458,0.070398,0.95055,-0.184949,0.249495,1.0
20,-0.247592,0.784429,0.568654,-0.915634,-0.381312,0.127333,0.316719,-0.489153,0.81266,0.257589,0.024223,-0.96595,0.167,0.983525,0.069198,0.951713,-0.179139,0.2493,1.0
21,-0.249624,0.784112,0.568203,-0.915428,-0.3824,0.125539,0.315718,-0.488811,0.813256,0.25759,0.024225,-0.96595,0.167002,0.983525,0.0692,0.951712,-0.179141,0.2493,1.0
22,-0.254419,0.78155,0.569604,-0.912927,-0.38844,0.125209,0.319114,-0.488152,0.812325,0.257674,0.024314,-0.965925,0.166978,0.983521,0.069301,0.951694,-0.179145,0.249367,1.0
23,-0.263215,0.775338,0.57408,-0.913256,-0.392042,0.110755,0.310936,-0.49513,0.811273,0.257661,0.024304,-0.965929,0.166956,0.983526,0.069282,0.951701,-0.179119,0.249358,1.0
24,-0.2845,0.764538,0.578395,-0.909939,-0.405271,0.088119,0.301777,-0.501234,0.810982,0.257659,0.024294,-0.965929,0.166984,0.983522,0.069279,0.951697,-0.179145,0.249357,1.0
25,-0.295846,0.761591,0.576588,-0.908642,-0.410581,0.076097,0.294691,-0.501399,0.813483,0.257647,0.024279,-0.965933,0.166964,0.983527,0.069256,0.951703,-0.179119,0.249349,1.0
26,-0.322015,0.758344,0.566763,-0.904747,-0.422803,0.051675,0.278816,-0.496137,0.822258,0.25759,0.0242,-0.96595,0.166984,0.98353,0.06917,0.951715,-0.179116,0.249306,1.0
27,-0.346319,0.756414,0.554887,-0.900531,-0.433801,0.029305,0.262878,-0.489545,0.831408,0.257506,0.024089,-0.965975,0.166988,0.983538,0.069043,0.951737,-0.179085,0.249244,1.0
28,-0.357612,0.755479,0.548966,-0.89866,-0.438286,0.017749,0.254013,-0.486987,0.835655,0.257549,0.024128,-0.965963,0.166952,0.983541,0.069081,0.951732,-0.179061,0.249281,1.0
29,-0.376806,0.753902,0.53819,-0.895649,-0.444741,-0.004078,0.236281,-0.483566,0.842813,0.257425,0.023977,-0.966,0.166916,0.983561,0.068894,0.951772,-0.178976,0.249191,1.0
30,-0.393782,0.751406,0.529455,-0.892405,-0.45058,-0.02426,0.220333,-0.482042,0.84799,0.25874,0.025451,-0.965611,0.166308,0.983551,0.070487,0.951522,-0.178826,0.250251,1.0
31,-0.403789,0.750532,0.52312,-0.890934,-0.452498,-0.038492,0.207821,-0.481608,0.851388,0.259032,0.025771,-0.965524,0.166036,0.983574,0.070797,0.95149,-0.17865,0.250498,1.0
32,-0.405091,0.751658,0.52049,-0.89155,-0.450902,-0.042719,0.20258,-0.481349,0.852797,0.258908,0.025619,-0.965562,0.166,0.983594,0.070609,0.95153,-0.178564,0.250407,1.0
33,-0.410057,0.751342,0.517047,-0.890518,-0.452302,-0.04899,0.197053,-0.480529,0.854553,0.258785,0.025451,-0.965599,0.165918,0.983624,0.070393,0.951578,-0.178427,0.250325,1.0
34,-0.418306,0.749508,0.513085,-0.887344,-0.457864,-0.054588,0.19401,-0.478118,0.856599,0.258734,0.02537,-0.965614,0.165788,0.983654,0.070266,0.951614,-0.178268,0.250299,1.0
35,-0.418731,0.750412,0.511414,-0.888596,-0.4547,-0.060362,0.187244,-0.479717,0.857211,0.258637,0.025249,-0.965644,0.16577,0.983668,0.07012,0.951643,-0.17821,0.250228,1.0
36,-0.427648,0.748657,0.506585,-0.885751,-0.458925,-0.069509,0.180446,-0.478434,0.859383,0.258639,0.025233,-0.965644,0.165723,0.983678,0.070092,0.951651,-0.178158,0.250235,1.0
37,-0.435868,0.748366,0.499966,-0.882955,-0.463193,-0.076432,0.174382,-0.474762,0.862664,0.258557,0.025132,-0.965668,0.165699,0.983691,0.069967,0.951678,-0.178101,0.250175,1.0
38,-0.439549,0.74835,0.496758,-0.881712,-0.465017,-0.079637,0.171404,-0.473002,0.864227,0.258543,0.025112,-0.965673,0.165704,0.983691,0.069945,0.951681,-0.1781,0.250165,1.0
39,-0.445016,0.750472,0.48862,-0.879936,-0.467798,-0.08292,0.166347,-0.466856,0.868546,0.258626,0.025205,-0.965648,0.16568,0.983688,0.070049,0.951662,-0.178106,0.250231,1.0
40,-0.45009,0.752158,0.481327,-0.878635,-0.469254,-0.088322,0.159433,-0.462664,0.872079,0.258654,0.02524,-0.965639,0.165671,0.983687,0.070089,0.951656,-0.178107,0.250253,1.0
41,-0.451781,0.755443,0.47455,-0.878444,-0.469504,-0.088886,0.155654,-0.457023,0.875728,0.258654,0.025241,-0.965639,0.165671,0.983687,0.070089,0.951656,-0.178107,0.250253,1.0
42,-0.452696,0.756298,0.472313,-0.878344,-0.46945,-0.090149,0.153547,-0.455664,0.876808,0.258655,0.025241,-0.965639,0.165671,0.983687,0.070089,0.951656,-0.178107,0.250253,1.0
43,-0.453212,0.757423,0.470008,-0.878444,-0.469073,-0.091136,0.15144,-0.45418,0.877944,0.25864,0.025225,-0.965643,0.165676,0.983687,0.070071,0.951659,-0.178107,0.250241,1.0
44,-0.453619,0.758704,0.467543,-0.878692,-0.468332,-0.092541,0.148755,-0.452805,0.879112,0.25864,0.025225,-0.965644,0.165676,0.983687,0.070071,0.951659,-0.178107,0.250241,1.0
45,-0.454688,0.759593,0.465054,-0.878613,-0.468096,-0.094468,0.145933,-0.451556,0.880226,0.25864,0.025225,-0.965643,0.165676,0.983687,0.070071,0.951659,-0.178107,0.250241,1.0
46,-0.443656,0.766338,0.464645,-0.885179,-0.455754,-0.09352,0.140096,-0.452784,0.880544,0.25864,0.025225,-0.965644,0.165676,0.983687,0.070071,0.951659,-0.178107,0.250241,1.0
47,-0.41725,0.779978,0.466408,-0.899696,-0.426952,-0.090875,0.128253,-0.457543,0.879888,0.25864,0.025228,-0.965643,0.165676,0.983687,0.070075,0.951659,-0.178108,0.250241,1.0
48,-0.357698,-0.125802,0.925324,0.830046,0.411179,0.376769,-0.427872,0.902831,-0.042657,-0.104055,-0.22417,-0.968978,0.785691,0.578826,-0.218283,0.609803,-0.784032,0.115899,1.0
49,-0.360395,-0.163481,0.918362,0.803583,0.445528,0.394662,-0.473676,0.880214,-0.029196,-0.099366,-0.224143,-0.969476,0.786205,0.579518,-0.214567,0.609923,-0.783528,0.118638,1.0
50,-0.367592,-0.18946,0.910483,0.778784,0.472396,0.41272,-0.508302,0.860782,-0.026101,-0.094065,-0.223756,-0.970094,0.786564,0.580632,-0.210195,0.610301,-0.782814,0.121381,1.0
51,-0.375263,-0.204923,0.903981,0.765604,0.481244,0.426912,-0.52252,0.852297,-0.023703,-0.089588,-0.223431,-0.970592,0.786985,0.581394,-0.206479,0.610431,-0.782341,0.123751,1.0
52,-0.379246,-0.210348,0.901069,0.763659,0.478736,0.433169,-0.522491,0.852387,-0.020925,-0.089103,-0.223333,-0.970661,0.786413,0.582281,-0.206162,0.61124,-0.78171,0.123749,1.0
53,-0.382583,-0.218389,0.897739,0.761461,0.475773,0.440246,-0.523265,0.852025,-0.015728,-0.089305,-0.223305,-0.970648,0.78572,0.583116,-0.206441,0.6121,-0.781095,0.12338,1.0
54,-0.383502,-0.220617,0.896801,0.7607,0.475181,0.442197,-0.523699,0.851781,-0.014409,-0.089099,-0.223304,-0.970667,0.785557,0.58338,-0.206315,0.61234,-0.780898,0.123439,1.0
55,-0.37715,-0.217319,0.900294,0.763315,0.477579,0.435048,-0.524506,0.851287,-0.014236,-0.093268,-0.222272,-0.970512,0.788406,0.578804,-0.208328,0.608042,-0.784589,0.121257,1.0
56,-0.360118,-0.211464,0.908624,0.77059,0.481558,0.417483,-0.525838,0.85052,-0.010465,-0.105806,-0.217293,-0.970354,0.800567,0.560208,-0.212741,0.589828,-0.799343,0.114684,1.0
57,-0.348066,-0.214154,0.912681,0.775385,0.481422,0.408668,-0.526903,0.849923,-0.001515,-0.109866,-0.214709,-0.970478,0.807239,0.55039,-0.213154,0.579908,-0.806827,0.112852,1.0
58,-0.345754,-0.215241,0.913304,0.776229,0.481241,0.407277,-0.527182,0.849751,0.000686,-0.109821,-0.213357,-0.970781,0.810965,0.545479,-0.211627,0.574694,-0.810512,0.11312,1.0
59,-0.345363,-0.212758,0.914033,0.776363,0.48241,0.405635,-0.527241,0.849714,-0.001429,-0.111963,-0.210643,-0.971129,0.817856,0.535554,-0.210456,0.564424,-0.817808,0.112313,1.0
60,-0.348657,-0.212239,0.912903,0.775027,0.48243,0.408158,-0.527039,0.849832,-0.003712,-0.110379,-0.210832,-0.97127,0.818861,0.534551,-0.209093,0.563277,-0.818415,0.113639,1.0
61,-0.35047,-0.215325,0.911484,0.767503,0.491725,0.411272,-0.536757,0.843706,-0.007073,-0.117165,-0.207907,-0.971105,0.818742,0.533214,-0.21294,0.562079,-0.820034,0.107748,1.0
62,-0.345216,-0.22555,0.911016,0.753178,0.512567,0.412307,-0.559953,0.828493,-0.007067,-0.120112,-0.209746,-0.970349,0.815227,0.536959,-0.216977,0.566549,-0.817117,0.106495,1.0
63,-0.337967,-0.235871,0.911121,0.740447,0.530946,0.412109,-0.580961,0.813916,-0.004793,-0.125922,-0.211477,-0.969236,0.811216,0.540426,-0.223308,0.571026,-0.81438,0.103502,1.0
64,-0.332466,-0.245802,0.91052,0.731313,0.542428,0.413464,-0.595521,0.803339,-0.000581,-0.132703,-0.208549,-0.968966,0.810572,0.539777,-0.227186,0.570405,-0.815565,0.097414,1.0
65,-0.332131,-0.249212,0.909715,0.731342,0.541042,0.415224,-0.595673,0.803222,0.002562,-0.136422,-0.208802,-0.968395,0.81002,0.53925,-0.230382,0.570311,-0.815849,0.095568,1.0
66,-0.323973,-0.258719,0.910003,0.734448,0.537534,0.414298,-0.596345,0.802571,0.015869,-0.140135,-0.208948,-0.967833,0.8096,0.538542,-0.233491,0.570007,-0.816279,0.093696,1.0
67,-0.310672,-0.26415,0.913075,0.739495,0.536355,0.406778,-0.597183,0.80159,0.028708,-0.139412,-0.209018,-0.967922,0.810099,0.538059,-0.232872,0.569475,-0.816579,0.094314,1.0
68,-0.303202,-0.267243,0.914685,0.742268,0.535704,0.402566,-0.597583,0.801,0.035939,-0.138776,-0.209059,-0.968005,0.810442,0.537777,-0.232331,0.569142,-0.816755,0.094799,1.0
69,-0.295845,-0.264163,0.917983,0.744964,0.53772,0.394822,-0.597915,0.800671,0.03771,-0.140339,-0.209204,-0.967748,0.810639,0.536919,-0.233624,0.568478,-0.817282,0.094238,1.0
70,-0.294931,-0.263589,0.918441,0.745292,0.538053,0.393748,-0.597958,0.800637,0.037762,-0.150319,-0.209891,-0.966099,0.809002,0.535573,-0.242232,0.568259,-0.817989,0.089295,1.0
71,-0.288123,-0.259788,0.92168,0.747938,0.539984,0.386012,-0.597973,0.800579,0.038723,-0.161176,-0.212656,-0.963742,0.807007,0.533727,-0.252734,0.568121,-0.818482,0.085591,1.0
72,-0.285534,-0.260719,0.922222,0.748919,0.539729,0.384462,-0.597987,0.800448,0.041147,-0.163963,-0.212705,-0.963261,0.80678,0.532982,-0.255019,0.567645,-0.818954,0.084216,1.0
73,-0.28455,-0.257821,0.923341,0.749295,0.540978,0.381969,-0.597987,0.800544,0.039248,-0.169725,-0.211043,-0.962628,0.809486,0.52726,-0.258318,0.562071,-0.823078,0.081347,1.0
74,-0.284459,-0.257519,0.923453,0.749426,0.540977,0.381712,-0.597865,0.800642,0.039105,-0.179272,-0.209272,-0.961283,0.811,0.521681,-0.264815,0.556902,-0.827075,0.076197,1.0
75,-0.284461,-0.25753,0.923449,0.749458,0.540928,0.381718,-0.597824,0.800671,0.039135,-0.18435,-0.207412,-0.960726,0.813324,0.516618,-0.267598,0.551831,-0.830714,0.073454,1.0
76,-0.284561,-0.257796,0.923344,0.749398,0.540843,0.381956,-0.597851,0.800643,0.039289,-0.191661,-0.202432,-0.960357,0.815517,0.511579,-0.270589,0.546075,-0.835049,0.067037,1.0
77,-0.284555,-0.257779,0.923351,0.749404,0.540845,0.381941,-0.597846,0.800647,0.039281,-0.194614,-0.200613,-0.960145,0.818081,0.506862,-0.271723,0.541172,-0.838358,0.065475,1.0
78,-0.284588,-0.25786,0.923318,0.749386,0.540817,0.382015,-0.597853,0.800639,0.039327,-0.19632,-0.20051,-0.959819,0.817681,0.506761,-0.273112,0.541161,-0.838443,0.064466,1.0
79,-0.284575,-0.257824,0.923332,0.749396,0.540827,0.381983,-0.597848,0.800644,0.039306,-0.197643,-0.198523,-0.95996,0.820532,0.502294,-0.272813,0.536343,-0.841598,0.06362,1.0
80,-0.284579,-0.25784,0.923326,0.749409,0.540801,0.381995,-0.597829,0.800657,0.039327,-0.198875,-0.196549,-0.960112,0.82333,0.497884,-0.272466,0.531578,-0.844676,0.062808,1.0
81,-0.283482,-0.255146,0.924412,0.749864,0.541908,0.379526,-0.597781,0.800772,0.037704,-0.198739,-0.196545,-0.960141,0.823306,0.497985,-0.272355,0.531666,-0.844618,0.062848,1.0
82,-0.283495,-0.255178,0.924399,0.749857,0.541897,0.379555,-0.597783,0.800769,0.037722,-0.199619,-0.194577,-0.96036,0.826252,0.493434,-0.271718,0.526745,-0.847739,0.062271,1.0
83,-0.283502,-0.255214,0.924387,0.749849,0.541887,0.379583,-0.597789,0.800764,0.037746,-0.200578,-0.192584,-0.960561,0.829044,0.489035,-0.271162,0.52197,-0.850738,0.061572,1.0
84,-0.28366,-0.255638,0.924221,0.749717,0.541803,0.379964,-0.597879,0.800685,0.037969,-0.202154,-0.18854,-0.961033,0.834489,0.480456,-0.269794,0.512601,-0.856512,0.060208,1.0
85,-0.282634,-0.253093,0.925235,0.75002,0.543003,0.377646,-0.597985,0.800681,0.036354,-0.202704,-0.186443,-0.961326,0.83632,0.477712,-0.268995,0.50939,-0.858503,0.059092,1.0
86,-0.285315,-0.246666,0.926148,0.756386,0.53551,0.375643,-0.58862,0.807702,0.033786,-0.203379,-0.184121,-0.961631,0.838968,0.473551,-0.268106,0.504745,-0.861306,0.058161,1.0
87,-0.29873,-0.233231,0.925398,0.772615,0.510099,0.377972,-0.5602,0.82789,0.027816,-0.20247,-0.177912,-0.962991,0.846938,0.461862,-0.263398,0.491631,-0.868924,0.057167,1.0
88,-0.309664,-0.221217,0.924754,0.785247,0.488932,0.37991,-0.536185,0.843805,0.022305,-0.197759,-0.173974,-0.964688,0.852779,0.454759,-0.25683,0.483382,-0.873457,0.058428,1.0
89,-0.312858,-0.216806,0.924723,0.790505,0.480273,0.380051,-0.526518,0.849901,0.021129,-0.198256,-0.171807,-0.964974,0.855074,0.450923,-0.255961,0.479105,-0.87587,0.057509,1.0
90,-0.321979,-0.207132,0.923809,0.799707,0.462785,0.382489,-0.506751,0.861931,0.016638,-0.197337,-0.165911,-0.966194,0.855466,0.452201,-0.252372,0.478786,-0.876348,0.052695,1.0
91,-0.326247,-0.203748,0.923064,0.80127,0.458478,0.3844,-0.501526,0.865034,0.01368,-0.196359,-0.165813,-0.966409,0.855884,0.451926,-0.251442,0.478438,-0.876508,0.053177,1.0
92,-0.331112,-0.200823,0.921973,0.799505,0.459236,0.38716,-0.501153,0.865316,0.0085,-0.195039,-0.166033,-0.966639,0.856397,0.451557,-0.250356,0.478061,-0.876657,0.054119,1.0
93,-0.33343,-0.199337,0.921459,0.798685,0.459592,0.388427,-0.500923,0.86547,0.005965,-0.191463,-0.166408,-0.967289,0.857269,0.451551,-0.247368,0.477945,-0.876589,0.056201,1.0
94,-0.3369,-0.206365,0.918646,0.797294,0.456453,0.394933,-0.500819,0.865485,0.010755,-0.185481,-0.166986,-0.968355,0.858443,0.452026,-0.242378,0.478195,-0.876235,0.059506,1.0
95,-0.323194,-0.240356,0.915299,0.765856,0.501716,0.402175,-0.555885,0.830969,0.021927,-0.179006,-0.167638,-0.96946,0.859707,0.452482,-0.236984,0.478392,-0.875874,0.063122,1.0
96,-0.307376,-0.263154,0.914477,0.746458,0.529346,0.403228,-0.590186,0.806562,0.033725,-0.177131,-0.167854,-0.969767,0.860064,0.452612,-0.235435,0.478448,-0.875765,0.064193,1.0
97,-0.272753,-0.298983,0.914447,0.71267,0.575722,0.400804,-0.646301,0.76102,0.056045,-0.175238,-0.168177,-0.970055,0.860507,0.452563,-0.233909,0.478349,-0.875729,0.065411,1.0
98,-0.209811,-0.34059,0.916502,0.667334,0.635201,0.388823,-0.714593,0.693193,0.094015,-0.175434,-0.168345,-0.96999,0.860608,0.45225,-0.23414,0.478095,-0.875859,0.065539,1.0
99,-0.163928,-0.362596,0.917415,0.631249,0.676101,0.380014,-0.758057,0.641413,0.118057,-0.175055,-0.168466,-0.970037,0.860754,0.452121,-0.233854,0.477971,-0.875902,0.065862,1.0
100,-0.054115,-0.401123,0.914424,0.530779,0.764118,0.366601,-0.84578,0.505196,0.171557,-0.17391,-0.168756,-0.970193,0.861155,0.451821,-0.232955,0.477667,-0.876001,0.066749,1.0
101,0.039338,-0.421464,0.90599,0.444211,0.819547,0.361963,-0.895057,0.388213,0.219458,-0.17326,-0.169034,-0.970261,0.861537,0.45134,-0.232475,0.477214,-0.876195,0.067429,1.0
102,0.109059,-0.424902,0.898645,0.372661,0.85558,0.359314,-0.921536,0.295704,0.251654,-0.172646,-0.169266,-0.97033,0.861869,0.450944,-0.232012,0.476837,-0.876354,0.068031,1.0
103,0.135402,-0.425646,0.894701,0.349911,0.865372,0.358738,-0.926945,0.264492,0.266111,-0.172313,-0.169369,-0.970371,0.86201,0.450807,-0.231755,0.476702,-0.876405,0.068317,1.0
104,0.176655,-0.425765,0.887421,0.313588,0.878964,0.359282,-0.932981,0.214816,0.288788,-0.171681,-0.16954,-0.970453,0.862203,0.45069,-0.231267,0.476583,-0.876432,0.068803,1.0
105,0.208611,-0.424779,0.880933,0.291689,0.886779,0.358524,-0.933487,0.182167,0.308895,-0.167873,-0.169983,-0.971042,0.863003,0.45077,-0.228104,0.47649,-0.876305,0.071024,1.0
106,0.221633,-0.423017,0.878598,0.283291,0.890078,0.357081,-0.933072,0.169758,0.317107,-0.165165,-0.170284,-0.971454,0.86361,0.450746,-0.22584,0.476336,-0.876259,0.072612,1.0
107,0.256413,-0.417178,0.871902,0.262037,0.898282,0.352738,-0.930369,0.138025,0.339647,-0.157795,-0.171084,-0.972538,0.865264,0.450628,-0.219663,0.475834,-0.876164,0.076926,1.0
108,0.293231,-0.409211,0.864037,0.248045,0.905381,0.344612,-0.923302,0.11327,0.366989,-0.155724,-0.171375,-0.97282,0.865735,0.450553,-0.217953,0.475659,-0.876146,0.078204,1.0
109,0.334351,-0.397986,0.854292,0.230196,0.913492,0.335471,-0.913903,0.084489,0.397041,-0.153344,-0.171706,-0.97314,0.866246,0.450516,-0.215991,0.475502,-0.8761,0.079656,1.0
110,0.349531,-0.395986,0.84913,0.229185,0.914898,0.332316,-0.90846,0.078453,0.41054,-0.153096,-0.171775,-0.973167,0.866273,0.450552,-0.215808,0.475533,-0.876068,0.079826,1.0
111,0.373756,-0.394927,0.839248,0.232023,0.915866,0.32765,-0.898037,0.072264,0.433943,-0.152192,-0.171945,-0.973279,0.866383,0.45068,-0.215096,0.475622,-0.875969,0.08038,1.0
112,0.392478,-0.394545,0.83084,0.233935,0.916435,0.324685,-0.889514,0.066931,0.451978,-0.150606,-0.173772,-0.9732,0.86375,0.455732,-0.215043,0.480888,-0.872989,0.08146,1.0
113,0.407086,-0.390857,0.825536,0.228336,0.918667,0.322354,-0.884388,0.057274,0.463223,-0.147284,-0.17414,-0.973643,0.864384,0.455823,-0.212282,0.480776,-0.872868,0.083388,1.0
114,0.411036,-0.396136,0.821051,0.231334,0.916495,0.326374,-0.881778,0.055785,0.468352,-0.147111,-0.174193,-0.97366,0.864415,0.455825,-0.212155,0.480774,-0.872857,0.083518,1.0
115,0.415148,-0.406179,0.814045,0.23596,0.91225,0.334844,-0.87862,0.053072,0.474561,-0.14686,-0.174269,-0.973684,0.864428,0.455883,-0.211975,0.480826,-0.872811,0.083692,1.0
116,0.418132,-0.417332,0.806844,0.240287,0.907394,0.344815,-0.876028,0.049696,0.47969,-0.144854,-0.174542,-0.973936,0.864904,0.45575,-0.210315,0.48058,-0.872826,0.084945,1.0
117,0.41841,-0.421274,0.804649,0.241839,0.905617,0.348382,-0.875468,0.048829,0.4808,-0.142068,-0.176427,-0.974006,0.86262,0.460546,-0.209243,0.485491,-0.869925,0.08676,1.0
118,0.419246,-0.423503,0.803042,0.243356,0.904585,0.350004,-0.874648,0.048687,0.482306,-0.139771,-0.179907,-0.973702,0.85733,0.470022,-0.209911,0.495426,-0.864124,0.088544,1.0
119,0.414138,-0.427988,0.803315,0.248108,0.902216,0.352771,-0.875746,0.053213,0.47983,-0.132298,-0.183733,-0.974031,0.85302,0.479375,-0.206287,0.504829,-0.858161,0.093308,1.0
120,0.414303,-0.428892,0.802747,0.248215,0.901816,0.353717,-0.875637,0.052708,0.480083,-0.128353,-0.184126,-0.974485,0.853905,0.479197,-0.203015,0.504351,-0.858176,0.095719,1.0
121,0.408643,-0.43486,0.802438,0.25825,0.898358,0.355328,-0.875395,0.062028,0.47941,-0.120064,-0.190429,-0.97433,0.850349,0.486762,-0.199922,0.512339,-0.852524,0.103489,1.0
122,0.399254,-0.441494,0.803541,0.27284,0.893931,0.355592,-0.875302,0.077267,0.477363,-0.107712,-0.198727,-0.974117,0.842544,0.501875,-0.195549,0.527746,-0.8418,0.113378,1.0
123,0.38874,-0.447446,0.805402,0.292301,0.888892,0.352745,-0.87375,0.098293,0.476337,-0.100879,-0.203457,-0.973873,0.834775,0.515238,-0.194112,0.54127,-0.832546,0.117864,1.0
124,0.385342,-0.44595,0.807861,0.295961,0.888947,0.34954,-0.874023,0.104403,0.474533,-0.096657,-0.20972,-0.972971,0.827,0.527021,-0.195753,0.55383,-0.823568,0.122498,1.0
125,0.394473,-0.439212,0.807145,0.295768,0.892319,0.34101,-0.870007,0.104208,0.4819,-0.089943,-0.222104,-0.970864,0.814557,0.544503,-0.200028,0.573066,-0.808817,0.131942,1.0
126,0.417637,-0.429562,0.800659,0.2988,0.897107,0.325448,-0.858077,0.103318,0.503018,-0.086176,-0.238641,-0.967276,0.802943,0.558125,-0.209233,0.589793,-0.794698,0.143518,1.0
127,0.435646,-0.424329,0.793824,0.302218,0.89967,0.315053,-0.847866,0.102656,0.520178,-0.084613,-0.247921,-0.965077,0.800166,0.56027,-0.214084,0.59378,-0.790337,0.150972,1.0
128,0.474324,-0.415824,0.775955,0.311495,0.90367,0.293854,-0.823399,0.102324,0.558159,-0.092335,-0.27048,-0.958287,0.789805,0.566176,-0.235906,0.606367,-0.778643,0.161348,1.0
129,0.515747,-0.406014,0.754425,0.312212,0.909092,0.275815,-0.797827,0.09329,0.595625,-0.105575,-0.29471,-0.949736,0.771349,0.578496,-0.265256,0.627592,-0.760584,0.166249,1.0
130,0.549198,-0.397682,0.735003,0.30694,0.914032,0.265201,-0.777282,0.079953,0.624049,-0.104441,-0.316114,-0.942954,0.748435,0.599399,-0.283838,0.654931,-0.735385,0.173989,1.0
131,0.561186,-0.396037,0.72679,0.306494,0.915106,0.261995,-0.76885,0.075729,0.634928,-0.101748,-0.325122,-0.940182,0.735737,0.61152,-0.291091,0.66958,-0.721345,0.176983,1.0
132,0.582604,-0.392642,0.711621,0.305032,0.917194,0.256338,-0.753344,0.067724,0.654129,-0.09021,-0.338221,-0.936732,0.703352,0.644267,-0.300357,0.705094,-0.685948,0.179769,1.0
133,0.592337,-0.391176,0.704356,0.304155,0.918107,0.254103,-0.746074,0.063719,0.662806,-0.073457,-0.351205,-0.933412,0.665711,0.679631,-0.308108,0.742585,-0.644015,0.183877,1.0
134,0.592108,-0.39185,0.704174,0.304444,0.917832,0.25475,-0.746137,0.063543,0.662752,-0.063371,-0.357622,-0.931713,0.636939,0.704233,-0.313629,0.768304,-0.61332,0.183156,1.0
135,0.59171,-0.389317,0.705911,0.302732,0.918878,0.253013,-0.747149,0.063991,0.661568,-0.061508,-0.355733,-0.932561,0.62026,0.718391,-0.314946,0.78198,-0.597802,0.17646,1.0
136,0.592112,-0.38833,0.706117,0.301237,0.919371,0.253008,-0.747434,0.0629,0.66135,-0.059967,-0.350686,-0.93457,0.620983,0.719922,-0.309987,0.781526,-0.598941,0.174599,1.0
137,0.591982,-0.387354,0.706762,0.300593,0.91977,0.252321,-0.747796,0.063079,0.660923,-0.058188,-0.350112,-0.934898,0.621013,0.720539,-0.308488,0.781636,-0.598535,0.175497,1.0
138,0.59174,-0.385627,0.707909,0.29944,0.920475,0.251119,-0.748451,0.063379,0.660154,-0.054271,-0.34851,-0.935732,0.621082,0.721994,-0.304927,0.781863,-0.597715,0.17727,1.0
139,0.591463,-0.383693,0.709189,0.298157,0.921259,0.249766,-0.749181,0.063722,0.659292,-0.051638,-0.347436,-0.93628,0.621394,0.722758,-0.302473,0.781794,-0.597418,0.178573,1.0
140,0.59127,-0.382403,0.710046,0.297304,0.921779,0.248863,-0.749672,0.063955,0.65871,-0.049538,-0.346648,-0.936685,0.621888,0.72315,-0.300513,0.781537,-0.5974,0.179753,1.0
141,0.591226,-0.382124,0.710234,0.29712,0.921891,0.248666,-0.74978,0.064007,0.658583,-0.048687,-0.346356,-0.936838,0.622196,0.723216,-0.299714,0.781345,-0.59749,0.18029,1.0
142,0.591058,-0.380995,0.71098,0.296369,0.922345,0.247879,-0.75021,0.064202,0.658074,-0.046127,-0.348626,-0.936125,0.622837,0.722627,-0.299806,0.78099,-0.596883,0.183805,1.0
143,0.590907,-0.379983,0.711646,0.295697,0.92275,0.247173,-0.750593,0.064375,0.65762,-0.043239,-0.349386,-0.93598,0.619839,0.725367,-0.299402,0.783536,-0.593103,0.185199,1.0
144,0.590884,-0.37982,0.711753,0.295589,0.922815,0.247059,-0.750655,0.064404,0.657547,-0.039785,-0.353048,-0.934758,0.616427,0.727592,-0.30104,0.786405,-0.588187,0.188681,1.0
145,0.590842,-0.37953,0.711942,0.295397,0.922931,0.246856,-0.750763,0.064452,0.657419,-0.042283,-0.356124,-0.933481,0.613222,0.728377,-0.305653,0.788777,-0.585355,0.187585,1.0
146,0.59081,-0.379325,0.712078,0.295241,0.923015,0.246731,-0.75085,0.064464,0.657318,-0.053191,-0.360816,-0.931118,0.613567,0.723853,-0.315549,0.787848,-0.588088,0.182882,1.0
147,0.596105,-0.379465,0.707576,0.296372,0.923026,0.245327,-0.746204,0.063465,0.662683,-0.064707,-0.367602,-0.927728,0.609199,0.721783,-0.328489,0.790372,-0.586427,0.177238,1.0
148,0.601239,-0.379784,0.703047,0.297582,0.922964,0.244093,-0.74159,0.062456,0.667939,-0.073107,-0.374875,-0.924188,0.599062,0.724362,-0.341209,0.797358,-0.57859,0.171617,1.0
149,0.61753,-0.377621,0.689969,0.300781,0.923915,0.236457,-0.726764,0.06151,0.684126,-0.093677,-0.387599,-0.917055,0.586771,0.722639,-0.365366,0.804316,-0.572328,0.159737,1.0
150,0.641564,-0.366836,0.673665,0.294257,0.928742,0.2255,-0.708383,0.053559,0.703792,-0.111394,-0.401829,-0.908913,0.570247,0.7232,-0.389614,0.813885,-0.561706,0.148581,1.0
151,0.654776,-0.36295,0.662974,0.291986,0.930527,0.221049,-0.697145,0.048841,0.715263,-0.119126,-0.40988,-0.904326,0.559598,0.72465,-0.402158,0.820157,-0.553967,0.143043,1.0
152,0.67085,-0.36304,0.646654,0.297307,0.930498,0.213963,-0.679388,0.048717,0.732159,-0.134315,-0.423958,-0.895666,0.542618,0.724839,-0.424469,0.829171,-0.543017,0.13269,1.0
153,0.683008,-0.365651,0.632296,0.302682,0.929536,0.210584,-0.664743,0.047554,0.745556,-0.129847,-0.437357,-0.889863,0.51497,0.73718,-0.437458,0.847315,-0.515056,0.129505,1.0
154,0.690856,-0.366362,0.623295,0.30587,0.929258,0.207178,-0.655104,0.047517,0.754042,-0.121574,-0.446239,-0.886617,0.492532,0.748393,-0.444206,0.86176,-0.490691,0.128802,1.0
155,0.69674,-0.366804,0.616447,0.307281,0.92915,0.205566,-0.648174,0.046197,0.760088,-0.122449,-0.44696,-0.886132,0.491993,0.748088,-0.445316,0.861944,-0.4905,0.128298,1.0
156,0.703815,-0.364546,0.609712,0.307982,0.930016,0.200539,-0.640148,0.046638,0.766833,-0.114518,-0.450906,-0.885193,0.4791,0.755515,-0.446832,0.870257,-0.475267,0.129508,1.0
157,0.709683,-0.362674,0.604,0.308306,0.930745,0.196619,-0.633479,0.04668,0.772349,-0.103742,-0.450428,-0.886764,0.472465,0.762242,-0.442451,0.875221,-0.464866,0.133735,1.0
158,0.712951,-0.361454,0.600875,0.308464,0.931208,0.194166,-0.629722,0.046918,0.775401,-0.102116,-0.449548,-0.887399,0.473264,0.762685,-0.440829,0.874981,-0.46499,0.134873,1.0
159,0.717741,-0.359916,0.596076,0.308562,0.931811,0.191093,-0.624209,0.046771,0.779855,-0.102801,-0.449973,-0.887104,0.473307,0.76227,-0.441501,0.874877,-0.46526,0.134613,1.0
160,0.723755,-0.357627,0.590152,0.308569,0.932684,0.186772,-0.617221,0.046926,0.785388,-0.102227,-0.449697,-0.887311,0.473582,0.762413,-0.440959,0.874796,-0.465292,0.135029,1.0
161,0.727166,-0.356305,0.58675,0.308543,0.933185,0.184299,-0.613213,0.047022,0.788516,-0.101893,-0.449554,-0.887422,0.473858,0.762426,-0.440641,0.874686,-0.46541,0.135339,1.0
162,0.735693,-0.352318,0.578469,0.307901,0.934679,0.177682,-0.603284,0.047393,0.796116,-0.101839,-0.449623,-0.887393,0.474458,0.762086,-0.440583,0.874367,-0.4659,0.135717,1.0
163,0.746678,-0.346365,0.567893,0.30657,0.936849,0.16831,-0.590327,0.048426,0.805709,-0.101425,-0.449493,-0.887506,0.475057,0.76194,-0.440188,0.874089,-0.466263,0.136255,1.0
164,0.758928,-0.339639,0.555583,0.30495,0.939236,0.157609,-0.575354,0.049811,0.816385,-0.100991,-0.449327,-0.887639,0.475499,0.761902,-0.439778,0.873899,-0.466486,0.13671,1.0
165,0.766317,-0.337786,0.546495,0.304704,0.93996,0.153716,-0.565608,0.048724,0.823232,-0.100865,-0.449286,-0.887675,0.475651,0.761875,-0.439661,0.873831,-0.46657,0.136857,1.0
166,0.781362,-0.332788,0.527942,0.304599,0.941715,0.142798,-0.544693,0.049234,0.837188,-0.100677,-0.449214,-0.887733,0.475812,0.761874,-0.439488,0.873765,-0.46664,0.137038,1.0
167,0.79438,-0.329922,0.51001,0.305471,0.942719,0.134044,-0.52502,0.049312,0.849659,-0.10065,-0.449202,-0.887742,0.475816,0.761884,-0.439465,0.873766,-0.466635,0.137054,1.0
168,0.809602,-0.312983,0.496573,0.289005,0.948882,0.126878,-0.5109,0.040792,0.858671,-0.100579,-0.449163,-0.887769,0.475827,0.761917,-0.439397,0.873768,-0.466619,0.137091,1.0
169,0.814639,-0.307186,0.491935,0.283242,0.950901,0.124738,-0.506099,0.03772,0.861649,-0.100437,-0.449086,-0.887825,0.475846,0.761983,-0.439263,0.873774,-0.466586,0.137164,1.0
170,0.8306,-0.288943,0.476041,0.260986,0.957138,0.125584,-0.491924,0.01993,0.870409,-0.100471,-0.449108,-0.88781,0.475864,0.761953,-0.439294,0.87376,-0.466614,0.13716,1.0
171,0.839489,-0.28675,0.461552,0.255846,0.957962,0.129812,-0.479373,0.00911,0.877563,-0.100471,-0.449108,-0.88781,0.475865,0.761953,-0.439294,0.87376,-0.466614,0.13716,1.0
172,0.84056,-0.289534,0.457852,0.256278,0.957158,0.134787,-0.477263,0.004041,0.87875,-0.100471,-0.449108,-0.88781,0.475864,0.761953,-0.439294,0.87376,-0.466614,0.13716,1.0
173,0.8454,-0.282991,0.453006,0.24554,0.95909,0.140912,-0.474351,-0.007896,0.8803,-0.100469,-0.449106,-0.887811,0.475865,0.761954,-0.439291,0.87376,-0.466614,0.137161,1.0
174,0.844303,-0.289942,0.45065,0.247176,0.956885,0.152556,-0.475453,-0.017414,0.879568,-0.100449,-0.449094,-0.887819,0.475868,0.761964,-0.439272,0.873761,-0.46661,0.137171,1.0
175,0.844039,-0.294184,0.448388,0.248358,0.955468,0.15937,-0.475304,-0.023153,0.879515,-0.100449,-0.449094,-0.887819,0.475868,0.761964,-0.439271,0.87376,-0.46661,0.137171,1.0
176,0.84382,-0.294284,0.448735,0.244724,0.955231,0.166259,-0.477574,-0.030477,0.878062,-0.10225,-0.446847,-0.888747,0.475874,0.762595,-0.438169,0.873548,-0.467734,0.134668,1.0
177,0.842577,-0.29605,0.449908,0.245579,0.954659,0.168274,-0.479327,-0.031296,0.877077,-0.10226,-0.446906,-0.888716,0.475874,0.762563,-0.438224,0.873547,-0.46773,0.134691,1.0
178,0.841214,-0.296675,0.452042,0.245294,0.95444,0.169925,-0.481859,-0.03206,0.875661,-0.102151,-0.44685,-0.888756,0.475884,0.762614,-0.438125,0.873554,-0.4677,0.134747,1.0
179,0.841837,-0.297693,0.450208,0.245443,0.954048,0.1719,-0.480694,-0.034211,0.87622,-0.102168,-0.44686,-0.888749,0.47588,0.762606,-0.438142,0.873554,-0.467703,0.134737,1.0
180,0.842443,-0.298723,0.448389,0.245608,0.953647,0.173879,-0.479546,-0.036356,0.876762,-0.102163,-0.446856,-0.888752,0.47588,0.76261,-0.438136,0.873555,-0.467701,0.134739,1.0
181,0.845592,-0.296261,0.444074,0.240756,0.954107,0.178087,-0.476454,-0.043676,0.878112,-0.102039,-0.446789,-0.8888,0.475895,0.762667,-0.438019,0.873561,-0.467671,0.134803,1.0
182,0.845579,-0.296279,0.444087,0.240775,0.954102,0.178086,-0.476468,-0.04366,0.878106,-0.102038,-0.44679,-0.8888,0.475895,0.762667,-0.438019,0.873562,-0.46767,0.134804,1.0
183,0.849322,-0.291676,0.439973,0.235546,0.955308,0.178615,-0.472408,-0.048067,0.880067,-0.102094,-0.446821,-0.888778,0.475887,0.762642,-0.438073,0.87356,-0.467682,0.134775,1.0
184,0.849431,-0.291165,0.440101,0.234892,0.955444,0.178749,-0.472538,-0.048459,0.879976,-0.101897,-0.446714,-0.888854,0.475912,0.762733,-0.437886,0.873569,-0.467636,0.134876,1.0
185,0.849377,-0.290269,0.440795,0.233658,0.955683,0.179089,-0.473245,-0.049119,0.879559,-0.099502,-0.445392,-0.889789,0.476772,0.763552,-0.435518,0.873376,-0.467561,0.136376,1.0
186,0.849349,-0.289664,0.441248,0.232845,0.955845,0.179281,-0.473697,-0.04953,0.879293,-0.099604,-0.445449,-0.889748,0.476755,0.763506,-0.435618,0.873374,-0.467582,0.136322,1.0
187,0.849287,-0.288018,0.442442,0.230843,0.956305,0.179416,-0.474785,-0.050241,0.878665,-0.09956,-0.445427,-0.889764,0.47676,0.763525,-0.435577,0.873376,-0.467571,0.136345,1.0
188,0.850516,-0.285882,0.441467,0.229361,0.95696,0.177821,-0.473302,-0.049984,0.87948,-0.09958,-0.445438,-0.889757,0.476758,0.763516,-0.435596,0.873375,-0.467575,0.136335,1.0
189,0.850614,-0.285213,0.441711,0.228585,0.957143,0.177837,-0.473502,-0.050302,0.879355,-0.099545,-0.445419,-0.88977,0.476762,0.763532,-0.435563,0.873377,-0.467567,0.136353,1.0
190,0.851873,-0.283278,0.440527,0.227313,0.95773,0.176295,-0.471847,-0.050043,0.880258,-0.099423,-0.445353,-0.889817,0.476778,0.763588,-0.435448,0.873382,-0.467539,0.136416,1.0
191,0.854595,-0.280439,0.437059,0.226246,0.958634,0.172721,-0.467418,-0.048723,0.882692,-0.099425,-0.445354,-0.889816,0.476778,0.763587,-0.435449,0.873381,-0.46754,0.136415,1.0
192,0.854444,-0.280009,0.43763,0.225456,0.958728,0.173234,-0.468075,-0.049353,0.882308,-0.099393,-0.445337,-0.889828,0.476783,0.763601,-0.43542,0.873383,-0.467533,0.136433,1.0
193,0.85766,-0.273304,0.435572,0.219068,0.960545,0.171349,-0.465217,-0.051539,0.883694,-0.099429,-0.445353,-0.889816,0.476755,0.763598,-0.435455,0.873394,-0.467522,0.1364,1.0
194,0.857529,-0.272889,0.436091,0.218399,0.96064,0.171673,-0.465774,-0.051973,0.883375,-0.099368,-0.445323,-0.889838,0.476762,0.763625,-0.4354,0.873397,-0.467506,0.136433,1.0
195,0.858656,-0.26568,0.438317,0.211337,0.962609,0.169466,-0.466952,-0.052881,0.882699,-0.09922,-0.445248,-0.889892,0.47678,0.763691,-0.435264,0.873404,-0.46747,0.136512,1.0
196,0.859668,-0.264221,0.437215,0.210696,0.963056,0.167721,-0.465378,-0.052064,0.883579,-0.099175,-0.445226,-0.889908,0.476786,0.763711,-0.435223,0.873406,-0.467459,0.136537,1.0
197,0.863352,-0.252886,0.436659,0.198318,0.96577,0.167204,-0.463996,-0.057758,0.883951,-0.099271,-0.44528,-0.88987,0.476773,0.763666,-0.435317,0.873402,-0.467481,0.136488,1.0
198,0.867583,-0.243812,0.433422,0.190708,0.96805,0.162814,-0.45927,-0.058597,0.886361,-0.099359,-0.44533,-0.889835,0.476784,0.763613,-0.435398,0.873386,-0.46752,0.136455,1.0
199,0.873142,-0.233623,0.427834,0.183,0.970573,0.156519,-0.451811,-0.058369,0.890201,-0.099446,-0.445376,-0.889803,0.476773,0.763573,-0.435479,0.873382,-0.467541,0.136409,1.0
200,0.877567,-0.225497,0.423114,0.176478,0.972459,0.152241,-0.445791,-0.058932,0.893194,-0.099466,-0.445387,-0.889795,0.476771,0.763564,-0.435498,0.873381,-0.467546,0.136399,1.0
201,0.882425,-0.220976,0.415324,0.175564,0.973722,0.14506,-0.436465,-0.055088,0.898032,-0.099526,-0.445423,-0.88977,0.476785,0.763523,-0.435554,0.873366,-0.467579,0.136381,1.0
202,0.886788,-0.212948,0.410194,0.168976,0.975468,0.141101,-0.430178,-0.055814,0.901016,-0.099263,-0.445281,-0.889871,0.47682,0.763643,-0.435306,0.873377,-0.467518,0.136517,1.0
203,0.889937,-0.207465,0.406164,0.162927,0.976402,0.141751,-0.425988,-0.059974,0.902738,-0.099213,-0.445255,-0.88989,0.476826,0.763665,-0.435259,0.87338,-0.467506,0.136544,1.0
204,0.892085,-0.204474,0.402957,0.161229,0.977097,0.138877,-0.422125,-0.058921,0.90462,-0.09911,-0.445201,-0.889928,0.476839,0.763712,-0.435164,0.873384,-0.467482,0.136597,1.0
205,0.894425,-0.1978,0.401096,0.154141,0.978265,0.138701,-0.419813,-0.062232,0.905474,-0.099094,-0.445193,-0.889934,0.47684,0.763719,-0.43515,0.873385,-0.467477,0.136606,1.0
206,0.895228,-0.196536,0.399924,0.152766,0.978455,0.13888,-0.418603,-0.063234,0.905964,-0.099112,-0.445203,-0.889926,0.476838,0.763711,-0.435167,0.873385,-0.467481,0.136597,1.0
207,0.895476,-0.196092,0.399587,0.152122,0.978499,0.13928,-0.418307,-0.063936,0.906052,-0.099147,-0.445217,-0.889916,0.476811,0.763709,-0.435199,0.873395,-0.467471,0.136566,1.0
208,0.897848,-0.18994,0.397227,0.145562,0.979486,0.139345,-0.415546,-0.067289,0.907079,-0.099077,-0.445179,-0.889943,0.476821,0.76374,-0.435133,0.873398,-0.467455,0.136602,1.0
209,0.899996,-0.187575,0.393474,0.144225,0.979976,0.137282,-0.411346,-0.066804,0.909027,-0.099095,-0.445189,-0.889936,0.476819,0.763732,-0.43515,0.873397,-0.46746,0.136593,1.0
210,0.901884,-0.181523,0.391985,0.137802,0.980912,0.137191,-0.409407,-0.069714,0.909684,-0.099113,-0.445199,-0.889929,0.476817,0.763724,-0.435167,0.873396,-0.467464,0.136583,1.0
211,0.904308,-0.178263,0.387876,0.135664,0.98154,0.134811,-0.404748,-0.06929,0.911799,-0.099049,-0.445167,-0.889952,0.476825,0.763752,-0.435109,0.873399,-0.467449,0.136618,1.0
212,0.908212,-0.169521,0.382638,0.127726,0.982944,0.13231,-0.398542,-0.071293,0.914374,-0.099008,-0.445148,-0.889966,0.476829,0.76377,-0.435074,0.873402,-0.467437,0.13664,1.0
213,0.914657,-0.157184,0.372415,0.11846,0.98508,0.124831,-0.386481,-0.070061,0.919632,-0.098879,-0.445082,-0.890013,0.476845,0.763827,-0.434955,0.873408,-0.467407,0.136709,1.0
214,0.917742,-0.1529,0.366566,0.116359,0.985939,0.119931,-0.379749,-0.067412,0.922629,-0.098935,-0.44511,-0.889993,0.476815,0.763815,-0.43501,0.873417,-0.4674,0.136667,1.0
215,0.921894,-0.14762,0.358216,0.113882,0.986972,0.113647,-0.370326,-0.063976,0.926695,-0.099012,-0.445153,-0.889963,0.476805,0.763779,-0.435083,0.873414,-0.467417,0.136628,1.0
216,0.924597,-0.143228,0.352994,0.111363,0.987773,0.109096,-0.364303,-0.06156,0.929242,-0.098889,-0.445087,-0.89001,0.476821,0.763835,-0.434968,0.87342,-0.467389,0.136692,1.0
217,0.925438,-0.141075,0.351653,0.109828,0.988132,0.107384,-0.36263,-0.060756,0.92995,-0.098943,-0.445116,-0.889989,0.476814,0.76381,-0.435019,0.873417,-0.467401,0.136664,1.0
218,0.925185,-0.139802,0.352828,0.108311,0.988279,0.107574,-0.363732,-0.061311,0.929483,-0.098893,-0.44509,-0.890008,0.47682,0.763833,-0.434972,0.873419,-0.46739,0.13669,1.0
219,0.925933,-0.136792,0.352043,0.105991,0.988762,0.105424,-0.362508,-0.060302,0.930027,-0.098947,-0.445119,-0.889987,0.476813,0.763808,-0.435023,0.873417,-0.467402,0.136662,1.0
220,0.925865,-0.135376,0.352769,0.104568,0.988952,0.105065,-0.363095,-0.060388,0.929792,-0.098841,-0.445062,-0.890027,0.476827,0.763856,-0.434923,0.873421,-0.467378,0.136717,1.0
221,0.925976,-0.134941,0.352645,0.104225,0.989018,0.104777,-0.362911,-0.060266,0.929872,-0.098877,-0.445081,-0.890014,0.476823,0.76384,-0.434957,0.87342,-0.467387,0.136698,1.0
222,0.926773,-0.133677,0.351027,0.103594,0.989249,0.103217,-0.361051,-0.059295,0.930658,-0.098965,-0.445128,-0.889981,0.476811,0.763801,-0.435039,0.873416,-0.467406,0.136653,1.0
223,0.927723,-0.132481,0.348966,0.103121,0.989476,0.101498,-0.35874,-0.058177,0.931622,-0.099181,-0.445245,-0.889898,0.476782,0.763702,-0.435243,0.873407,-0.467456,0.136541,1.0
224,0.92852,-0.131615,0.347169,0.10285,0.989646,0.100106,-0.35675,-0.057244,0.932443,-0.099325,-0.445323,-0.889843,0.476763,0.763636,-0.435379,0.873401,-0.467489,0.136466,1.0
225,0.928648,-0.131567,0.346846,0.102676,0.989626,0.100484,-0.356468,-0.057701,0.932523,-0.099207,-0.44526,-0.889888,0.476779,0.76369,-0.435268,0.873407,-0.467461,0.136527,1.0
226,0.272269,-0.944799,0.18227,0.255099,0.253524,0.933086,-0.927789,-0.207554,0.310044,0.437389,-0.085355,-0.895211,0.250807,0.967562,0.030288,0.863588,-0.237773,0.444609,0.0
227,0.272215,-0.94478,0.182452,0.255037,0.253672,0.933063,-0.927822,-0.207461,0.310007,0.437421,-0.085297,-0.895201,0.250784,0.967567,0.030348,0.863579,-0.237777,0.444625,0.0
