,r1,r2,r3,r4,r5,r6,r7,r8,r9,r10,r11,r12,r13,r14,r15,r16,r17,r18,status
0,0.491651,-0.60057,0.63055,0.186267,0.779883,0.597567,-0.850636,-0.176343,0.495297,0.524461,0.221295,-0.822172,0.201086,0.906122,0.372163,0.827347,-0.360513,0.430726,1.0
1,0.500436,-0.598804,0.625297,0.1797,0.778354,0.601558,-0.846918,-0.188676,0.497121,0.529721,0.208769,-0.822077,0.220985,0.901788,0.371408,0.818877,-0.378409,0.431561,1.0
2,0.523529,-0.593874,0.610925,0.170705,0.775616,0.607683,-0.834731,-0.213852,0.507435,0.551087,0.178778,-0.81507,0.276851,0.882279,0.380705,0.787181,-0.435455,0.436718,1.0
3,0.546393,-0.588382,0.596037,0.161573,0.772345,0.61431,-0.821795,-0.239352,0.517071,0.572935,0.128929,-0.809396,0.352346,0.852889,0.385267,0.739998,-0.505921,0.443222,1.0
4,0.558808,-0.582586,0.590192,0.157626,0.77332,0.614108,-0.814178,-0.250139,0.523968,0.575524,0.117932,-0.809236,0.368367,0.846086,0.385283,0.730121,-0.519836,0.4435,1.0
5,0.577408,-0.572547,0.582056,0.156194,0.777201,0.609557,-0.801375,-0.26105,0.538191,0.575781,0.105403,-0.810781,0.386661,0.838648,0.383616,0.720395,-0.534376,0.442122,1.0
6,0.592794,-0.566635,0.572293,0.154201,0.777321,0.609911,-0.790453,-0.273303,0.548167,0.578712,0.082943,-0.811302,0.418266,0.823825,0.382577,0.700103,-0.560743,0.442065,1.0
7,0.607171,-0.563706,0.559979,0.163183,0.7782,0.606444,-0.777633,-0.276837,0.564488,0.587756,0.076146,-0.805446,0.425904,0.81732,0.388062,0.687857,-0.571129,0.447954,1.0
8,0.612607,-0.560782,0.556987,0.165834,0.78021,0.603133,-0.772794,-0.277116,0.570959,0.591795,0.07738,-0.802365,0.424526,0.816238,0.391832,0.685241,-0.572509,0.450196,1.0
9,0.619952,-0.556824,0.552815,0.168136,0.782457,0.599575,-0.766412,-0.27876,0.578709,0.606613,0.070798,-0.791837,0.428324,0.809996,0.400554,0.669744,-0.582145,0.46103,1.0
10,0.628882,-0.548526,0.551022,0.16995,0.788553,0.591017,-0.758698,-0.278034,0.589129,0.620372,0.063015,-0.781771,0.424568,0.811111,0.402294,0.659454,-0.581487,0.476437,1.0
11,0.637111,-0.541925,0.548092,0.172881,0.793451,0.583562,-0.751132,-0.277039,0.599206,0.627201,0.056463,-0.776807,0.423203,0.812581,0.400762,0.653847,-0.580106,0.485757,1.0
12,0.653318,-0.530817,0.539823,0.180347,0.80162,0.569982,-0.735289,-0.275024,0.619444,0.637668,0.042719,-0.769125,0.423158,0.81489,0.396094,0.643674,-0.578038,0.501552,1.0
13,0.66288,-0.528223,0.530631,0.18625,0.802769,0.566456,-0.725189,-0.276662,0.630521,0.645454,0.029463,-0.76323,0.424739,0.816659,0.390721,0.634811,-0.576366,0.514602,1.0
14,0.671232,-0.524649,0.523632,0.191224,0.805071,0.561509,-0.716156,-0.276772,0.640715,0.650859,0.027512,-0.758698,0.41979,0.819632,0.389844,0.632579,-0.572228,0.521917,1.0
15,0.699457,-0.512976,0.497608,0.207504,0.812049,0.545451,-0.683886,-0.278264,0.674439,0.66446,0.025772,-0.746879,0.403871,0.828509,0.387892,0.628793,-0.559382,0.540102,1.0
16,0.721483,-0.507675,0.470879,0.222812,0.814083,0.536304,-0.655604,-0.282017,0.700463,0.678449,0.014974,-0.734494,0.393221,0.837114,0.380283,0.62055,-0.546822,0.562051,1.0
17,0.733849,-0.503618,0.455887,0.23203,0.816569,0.52856,-0.638456,-0.282103,0.716093,0.694098,0.01732,-0.719671,0.370165,0.848831,0.377441,0.617417,-0.528378,0.582761,1.0
18,0.740555,-0.501474,0.447326,0.237107,0.817848,0.524312,-0.628774,-0.282218,0.724565,0.703651,0.029429,-0.709935,0.351223,0.854139,0.383522,0.61767,-0.519211,0.59068,1.0
19,0.750013,-0.496399,0.437112,0.243154,0.82152,0.515732,-0.615106,-0.280521,0.736852,0.715063,0.040841,-0.697864,0.338825,0.852944,0.397093,0.611457,-0.520401,0.596071,1.0
20,0.759594,-0.493442,0.42371,0.248407,0.82218,0.512165,-0.60109,-0.283785,0.747097,0.713547,0.037745,-0.699589,0.340132,0.854314,0.39301,0.612503,-0.518384,0.596755,1.0
21,0.765463,-0.490804,0.416143,0.251443,0.823434,0.508657,-0.592318,-0.284722,0.753718,0.711707,0.036898,-0.701506,0.341159,0.854789,0.391081,0.61407,-0.517661,0.595771,1.0
22,0.772542,-0.48373,0.411319,0.252692,0.828496,0.49974,-0.582516,-0.282133,0.762283,0.708412,0.047112,-0.704224,0.33199,0.858255,0.391381,0.622843,-0.511055,0.592358,1.0
23,0.770775,-0.486361,0.411532,0.259821,0.829741,0.493985,-0.58172,-0.273826,0.765911,0.7076,0.057167,-0.704296,0.325706,0.858134,0.396888,0.627069,-0.510231,0.588596,1.0
24,0.774222,-0.484088,0.407722,0.264562,0.83275,0.486348,-0.574966,-0.268674,0.772805,0.708416,0.057711,-0.70343,0.324828,0.858167,0.397536,0.626603,-0.510115,0.589193,1.0
25,0.772737,-0.487031,0.407035,0.268799,0.832031,0.485252,-0.574999,-0.265562,0.773855,0.707755,0.062055,-0.703726,0.319898,0.860004,0.397565,0.629879,-0.5065,0.588821,1.0
26,0.771445,-0.485283,0.411547,0.265862,0.833456,0.484425,-0.57809,-0.264293,0.771984,0.706303,0.067279,-0.704704,0.311592,0.864309,0.394816,0.635645,-0.49844,0.589501,1.0
27,0.771115,-0.484353,0.413258,0.264959,0.834312,0.483445,-0.578945,-0.263296,0.771684,0.708143,0.062603,-0.703287,0.312673,0.865266,0.391853,0.633062,-0.497387,0.593158,1.0
28,0.769896,-0.484509,0.415343,0.263591,0.834155,0.484463,-0.581187,-0.263506,0.769925,0.706475,0.061891,-0.705025,0.313986,0.865359,0.390597,0.634274,-0.497315,0.591922,1.0
29,0.765725,-0.49136,0.415004,0.268359,0.830486,0.488135,-0.584506,-0.262407,0.767785,0.704266,0.057526,-0.707601,0.316597,0.866665,0.385562,0.635433,-0.495562,0.59215,1.0
30,0.767363,-0.492974,0.410036,0.270743,0.828774,0.489726,-0.581249,-0.264783,0.76944,0.704493,0.057976,-0.707338,0.317011,0.865998,0.386716,0.634974,-0.496673,0.591711,1.0
31,0.768782,-0.491727,0.408874,0.271508,0.829839,0.487494,-0.579014,-0.263764,0.771473,0.704039,0.057579,-0.707822,0.317926,0.865694,0.386647,0.63502,-0.49725,0.591177,1.0
32,0.769625,-0.492927,0.40583,0.272782,0.82852,0.489022,-0.577291,-0.265661,0.772113,0.703136,0.061165,-0.708419,0.313875,0.867275,0.386414,0.638029,-0.494057,0.590614,1.0
33,0.770307,-0.491685,0.406044,0.272278,0.829405,0.487801,-0.57662,-0.265199,0.772772,0.703619,0.058786,-0.70814,0.31408,0.868206,0.384149,0.637395,-0.492708,0.592423,1.0
34,0.773058,-0.490236,0.402553,0.273207,0.830049,0.486184,-0.572484,-0.265868,0.775612,0.703071,0.058371,-0.708719,0.314402,0.868412,0.38342,0.637841,-0.492395,0.592203,1.0
35,0.775182,-0.489648,0.399169,0.274393,0.830114,0.485405,-0.569034,-0.266749,0.777846,0.702676,0.058031,-0.709139,0.314714,0.86852,0.382919,0.638123,-0.492244,0.592025,1.0
36,0.775271,-0.489765,0.398853,0.274357,0.829904,0.485784,-0.56893,-0.267186,0.777771,0.701839,0.057315,-0.710025,0.315646,0.868534,0.382118,0.638582,-0.492303,0.59148,1.0
37,0.775095,-0.48897,0.400168,0.27331,0.830479,0.485391,-0.569673,-0.266855,0.777341,0.701763,0.057282,-0.710103,0.315685,0.868554,0.382041,0.638647,-0.492271,0.591437,1.0
38,0.774922,-0.488167,0.401482,0.272143,0.831003,0.48515,-0.570467,-0.266693,0.776815,0.703219,0.055397,-0.708811,0.31521,0.86933,0.380666,0.637278,-0.491116,0.593868,1.0
39,0.77493,-0.488377,0.401211,0.272392,0.830861,0.485252,-0.570338,-0.26675,0.77689,0.705172,0.056769,-0.706759,0.313925,0.868769,0.383002,0.635753,-0.491952,0.59481,1.0
40,0.775271,-0.487853,0.40119,0.272336,0.831276,0.484573,-0.5699,-0.266417,0.777325,0.71288,0.061973,-0.698541,0.308596,0.866741,0.391825,0.629738,-0.494891,0.598758,1.0
41,0.777365,-0.484127,0.401652,0.270993,0.833954,0.48071,-0.567684,-0.264842,0.779482,0.721149,0.067187,-0.689514,0.30269,0.864702,0.400835,0.623155,-0.49777,0.603242,1.0
42,0.777274,-0.483993,0.401989,0.270473,0.833922,0.481059,-0.568057,-0.265188,0.779093,0.722485,0.065513,-0.688276,0.30227,0.86539,0.399665,0.621811,-0.496796,0.605429,1.0
43,0.777215,-0.484027,0.402061,0.2704,0.83388,0.481173,-0.568171,-0.265258,0.778985,0.722459,0.065725,-0.688282,0.302288,0.865264,0.399924,0.621831,-0.496988,0.60525,1.0
44,0.77705,-0.483234,0.403333,0.269376,0.834441,0.480773,-0.568884,-0.264937,0.778574,0.722657,0.064425,-0.688196,0.302456,0.865792,0.398652,0.621519,-0.496238,0.606186,1.0
45,0.777024,-0.483219,0.403401,0.269389,0.83448,0.480699,-0.568913,-0.264843,0.778585,0.723301,0.063358,-0.687619,0.302434,0.866129,0.397934,0.62078,-0.495786,0.607311,1.0
46,0.776973,-0.48295,0.40382,0.269031,0.834661,0.480585,-0.569152,-0.264761,0.778438,0.723285,0.063385,-0.687633,0.302452,0.866107,0.397969,0.620789,-0.495822,0.607272,1.0
47,0.777821,-0.483814,0.401145,0.269962,0.83359,0.48192,-0.567551,-0.266553,0.778995,0.723673,0.061037,-0.687437,0.302894,0.86693,0.395835,0.620121,-0.494676,0.608887,1.0
48,0.779084,-0.482435,0.400355,0.270165,0.834629,0.480005,-0.565719,-0.265802,0.780583,0.723623,0.060508,-0.687537,0.303296,0.866938,0.395512,0.619984,-0.494729,0.608984,1.0
49,0.779213,-0.482151,0.400446,0.269689,0.834672,0.480197,-0.565768,-0.26618,0.780418,0.724108,0.05945,-0.687118,0.303338,0.86729,0.394707,0.619396,-0.49424,0.609978,1.0
50,0.780596,-0.480915,0.399236,0.269908,0.835476,0.478673,-0.563753,-0.265894,0.781972,0.726371,0.059374,-0.684732,0.302371,0.867064,0.395943,0.617216,-0.494645,0.611857,1.0
51,0.781974,-0.479263,0.398525,0.269645,0.836551,0.47694,-0.561966,-0.265495,0.783393,0.727515,0.057264,-0.683697,0.302163,0.86792,0.394222,0.615969,-0.493391,0.614121,1.0
52,0.783291,-0.477641,0.397887,0.269419,0.83764,0.475155,-0.560239,-0.264986,0.784801,0.72748,0.057301,-0.68373,0.302143,0.867931,0.394213,0.61602,-0.493367,0.61409,1.0
53,0.784554,-0.476329,0.39697,0.269276,0.838424,0.47385,-0.558538,-0.264867,0.786053,0.72717,0.057046,-0.684082,0.302558,0.867888,0.39399,0.616182,-0.493473,0.613842,1.0
54,0.78371,-0.4755,0.399622,0.267967,0.839266,0.473103,-0.560349,-0.26369,0.785159,0.726593,0.056536,-0.684736,0.303173,0.867955,0.393369,0.61656,-0.493413,0.61351,1.0
55,0.785929,-0.475469,0.395274,0.269825,0.838931,0.472639,-0.556334,-0.264806,0.787635,0.72615,0.056141,-0.685239,0.303713,0.867953,0.392956,0.616817,-0.493461,0.613213,1.0
56,0.785902,-0.475571,0.395208,0.269918,0.83887,0.472695,-0.556328,-0.264818,0.787635,0.725908,0.05592,-0.685514,0.303992,0.867967,0.392708,0.616965,-0.493461,0.613065,1.0
57,0.785814,-0.475084,0.395967,0.269175,0.839147,0.472626,-0.556813,-0.264812,0.787294,0.725308,0.055375,-0.686192,0.304608,0.868061,0.392023,0.617365,-0.493358,0.612745,1.0
58,0.786708,-0.476335,0.392676,0.270598,0.837814,0.474178,-0.554856,-0.266783,0.78801,0.724851,0.054969,-0.686708,0.305079,0.868125,0.391515,0.61767,-0.493291,0.612491,1.0
59,0.78671,-0.476506,0.392464,0.270821,0.837713,0.474227,-0.554745,-0.266792,0.788085,0.724526,0.054678,-0.687074,0.30546,0.868135,0.391197,0.617863,-0.493306,0.612285,1.0
60,0.786693,-0.47656,0.392432,0.27089,0.83769,0.474228,-0.554735,-0.266766,0.788101,0.724072,0.054269,-0.687585,0.305947,0.868184,0.390706,0.618154,-0.493264,0.612025,1.0
61,0.785387,-0.478378,0.392835,0.271024,0.836314,0.476575,-0.556517,-0.267828,0.786482,0.723605,0.05386,-0.688108,0.306441,0.868234,0.390208,0.618456,-0.493221,0.611754,1.0
62,0.785323,-0.47779,0.393679,0.270319,0.836725,0.476254,-0.556951,-0.267594,0.786255,0.722715,0.053052,-0.689106,0.307513,0.868239,0.389353,0.618965,-0.4933,0.611175,1.0
63,0.78534,-0.477914,0.393494,0.270505,0.836654,0.476272,-0.556836,-0.267593,0.786337,0.722405,0.052765,-0.689453,0.307865,0.868259,0.389029,0.619152,-0.493295,0.610991,1.0
64,0.785314,-0.477977,0.39347,0.270573,0.836626,0.476283,-0.55684,-0.267569,0.786342,0.723076,0.050231,-0.688939,0.30816,0.86915,0.3868,0.618221,-0.491989,0.612982,1.0
65,0.785148,-0.477184,0.394761,0.269455,0.837144,0.476007,-0.557615,-0.267366,0.785862,0.722984,0.050098,-0.689045,0.30842,0.869058,0.386799,0.618198,-0.492165,0.612864,1.0
66,0.785086,-0.476967,0.395148,0.269157,0.837299,0.475904,-0.557848,-0.267268,0.78573,0.722834,0.049973,-0.689212,0.308645,0.869017,0.386712,0.618262,-0.49225,0.612731,1.0
67,0.782946,-0.478696,0.397296,0.269162,0.83645,0.477391,-0.560844,-0.266835,0.783742,0.721756,0.046059,-0.690612,0.310412,0.870273,0.382451,0.618637,-0.49041,0.613828,1.0
68,0.780086,-0.480485,0.400747,0.26953,0.836099,0.477799,-0.56464,-0.264711,0.781734,0.721182,0.042748,-0.691425,0.311936,0.871141,0.37922,0.61854,-0.489167,0.614917,1.0
69,0.776387,-0.481294,0.406912,0.26853,0.836706,0.477298,-0.570187,-0.2613,0.77885,0.720803,0.039767,-0.691997,0.313146,0.871977,0.376291,0.61837,-0.487928,0.616071,1.0
70,0.776818,-0.480087,0.407515,0.269024,0.838112,0.474545,-0.569367,-0.259004,0.780216,0.720572,0.039704,-0.692242,0.313401,0.87191,0.376235,0.618511,-0.488053,0.61583,1.0
71,0.777077,-0.481385,0.405487,0.270619,0.837186,0.475272,-0.568257,-0.25959,0.78083,0.716219,0.036687,-0.696909,0.316427,0.872994,0.371152,0.622015,-0.486347,0.613646,1.0
72,0.776997,-0.481907,0.405018,0.271131,0.836849,0.475574,-0.568122,-0.259707,0.78089,0.714666,0.035692,-0.698553,0.317407,0.873401,0.369354,0.6233,-0.485691,0.612861,1.0
73,0.776981,-0.482086,0.404836,0.271261,0.836708,0.475748,-0.568081,-0.259831,0.780878,0.714859,0.03584,-0.698348,0.317237,0.873375,0.36956,0.623165,-0.485726,0.612971,1.0
74,0.776963,-0.482312,0.404601,0.271322,0.83648,0.476114,-0.568077,-0.260146,0.780776,0.714491,0.035473,-0.698744,0.317606,0.873433,0.369106,0.6234,-0.485649,0.612794,1.0
75,0.776867,-0.481817,0.405375,0.270536,0.836753,0.476081,-0.568582,-0.260183,0.780395,0.71516,0.032732,-0.698193,0.318083,0.874232,0.366797,0.622389,-0.484402,0.614804,1.0
76,0.776876,-0.481712,0.405483,0.270315,0.836771,0.476175,-0.568676,-0.260321,0.780282,0.714436,0.032208,-0.698958,0.318753,0.874281,0.366098,0.622877,-0.484349,0.614352,1.0
77,0.776887,-0.48181,0.405346,0.270511,0.83674,0.476119,-0.568568,-0.26024,0.780387,0.712595,0.033941,-0.700753,0.319555,0.873499,0.367264,0.624573,-0.48564,0.611605,1.0
78,0.776994,-0.48467,0.401712,0.271955,0.833957,0.480161,-0.567731,-0.263835,0.779789,0.71117,0.032319,-0.702275,0.321272,0.87359,0.365544,0.625315,-0.485586,0.610889,1.0
79,0.777304,-0.484607,0.40119,0.271866,0.833819,0.480451,-0.567351,-0.264386,0.779879,0.709629,0.030774,-0.703902,0.322933,0.873724,0.363758,0.626211,-0.485447,0.610082,1.0
80,0.777291,-0.484417,0.401445,0.271653,0.833956,0.480336,-0.56747,-0.264307,0.779819,0.708758,0.029912,-0.704816,0.323856,0.8738,0.362751,0.62672,-0.485362,0.609625,1.0
81,0.775853,-0.485327,0.403123,0.27054,0.833149,0.482359,-0.569964,-0.265179,0.777702,0.705563,0.032023,-0.707922,0.325453,0.872751,0.363847,0.629492,-0.487112,0.605359,1.0
82,0.778486,-0.485936,0.397273,0.272899,0.832033,0.482957,-0.56523,-0.267559,0.780337,0.705343,0.032443,-0.708123,0.325796,0.872357,0.364485,0.629561,-0.487791,0.604741,1.0
83,0.778905,-0.485297,0.397231,0.272743,0.832493,0.48225,-0.564727,-0.267285,0.780795,0.705372,0.03182,-0.708121,0.326505,0.872116,0.364426,0.629161,-0.488261,0.604777,1.0
84,0.779719,-0.486061,0.39469,0.273591,0.831491,0.483496,-0.563191,-0.269008,0.781312,0.704361,0.030834,-0.709171,0.32758,0.872191,0.363281,0.629734,-0.488192,0.604237,1.0
85,0.781316,-0.487733,0.389436,0.27577,0.829525,0.485632,-0.559906,-0.272037,0.782623,0.707361,0.036666,-0.705901,0.321289,0.872851,0.367292,0.629614,-0.486606,0.60564,1.0
86,0.781224,-0.48737,0.390074,0.275527,0.829914,0.485105,-0.560154,-0.271499,0.782633,0.712386,0.044012,-0.700406,0.313481,0.872971,0.373699,0.627881,-0.485782,0.608095,1.0
87,0.782027,-0.487965,0.387714,0.276209,0.829014,0.486254,-0.558696,-0.273174,0.783092,0.713353,0.044351,-0.699399,0.313243,0.872573,0.374825,0.626901,-0.486465,0.60856,1.0
88,0.782818,-0.488376,0.385595,0.276685,0.828242,0.487297,-0.557351,-0.274777,0.783489,0.715176,0.044929,-0.697498,0.312973,0.871708,0.377055,0.624956,-0.487959,0.609363,1.0
89,0.783363,-0.488703,0.384071,0.277052,0.827667,0.488065,-0.556402,-0.275924,0.783761,0.714786,0.048765,-0.69764,0.308577,0.873213,0.377198,0.627583,-0.484892,0.609112,1.0
90,0.783606,-0.488906,0.383316,0.277317,0.827388,0.488388,-0.555927,-0.276404,0.783929,0.715883,0.049251,-0.696479,0.308222,0.872763,0.378526,0.626505,-0.485651,0.609616,1.0
91,0.78437,-0.489884,0.380495,0.278733,0.826355,0.489331,-0.554139,-0.27776,0.784715,0.719942,0.051516,-0.692119,0.306234,0.871335,0.3834,0.622819,-0.487976,0.611534,1.0
92,0.784296,-0.489657,0.380938,0.278464,0.826559,0.489139,-0.554379,-0.277553,0.784619,0.720767,0.051771,-0.69124,0.306046,0.870981,0.384352,0.621956,-0.48858,0.61193,1.0
93,0.786457,-0.488941,0.377386,0.279794,0.82675,0.488055,-0.550635,-0.278244,0.787007,0.72039,0.051429,-0.691659,0.306463,0.871009,0.383958,0.622188,-0.488567,0.611705,1.0
94,0.786399,-0.489018,0.377408,0.279761,0.826672,0.488206,-0.550735,-0.278341,0.786903,0.720235,0.0513,-0.691829,0.30667,0.870985,0.383846,0.622265,-0.488623,0.611582,1.0
95,0.786322,-0.488809,0.377839,0.279574,0.826898,0.487932,-0.55094,-0.278037,0.786866,0.720133,0.05125,-0.69194,0.306753,0.870992,0.383763,0.622342,-0.488615,0.61151,1.0
96,0.785731,-0.491124,0.376062,0.280795,0.824899,0.490606,-0.551162,-0.279888,0.786054,0.718698,0.059785,-0.692746,0.296999,0.874441,0.383591,0.628699,-0.481432,0.610704,1.0
97,0.783356,-0.492759,0.378867,0.279335,0.823596,0.493619,-0.555269,-0.280849,0.782815,0.72042,0.060981,-0.690851,0.296114,0.873721,0.38591,0.627145,-0.482588,0.611389,1.0
98,0.779847,-0.497236,0.380254,0.283114,0.821957,0.494198,-0.558286,-0.277744,0.781776,0.720385,0.060954,-0.690889,0.296232,0.87366,0.385958,0.627128,-0.482702,0.611316,1.0
99,0.782049,-0.501344,0.370206,0.28857,0.81781,0.497909,-0.552382,-0.282559,0.784241,0.719504,0.065091,-0.69143,0.291517,0.875333,0.385757,0.630341,-0.479118,0.610831,1.0
100,0.784481,-0.500059,0.366782,0.289919,0.818552,0.495901,-0.54821,-0.282688,0.787116,0.720364,0.070452,-0.690008,0.285664,0.876397,0.387714,0.632037,-0.476406,0.611199,1.0
101,0.786551,-0.499049,0.363711,0.29061,0.818824,0.495046,-0.544868,-0.283682,0.789076,0.720333,0.070423,-0.690043,0.285691,0.876406,0.387674,0.63206,-0.476394,0.611185,1.0
102,0.786513,-0.498959,0.363917,0.29021,0.818765,0.495378,-0.545137,-0.284009,0.788773,0.720209,0.070295,-0.690186,0.285837,0.876421,0.387534,0.632135,-0.476386,0.611113,1.0
103,0.786422,-0.49814,0.365234,0.289078,0.819354,0.495068,-0.545869,-0.283751,0.788359,0.719989,0.070087,-0.690435,0.286162,0.876385,0.387375,0.632238,-0.476483,0.610932,1.0
104,0.787769,-0.496264,0.364883,0.288887,0.820845,0.492704,-0.544024,-0.282727,0.790001,0.71983,0.06993,-0.690617,0.286357,0.876393,0.387212,0.632331,-0.47649,0.610829,1.0
105,0.787705,-0.495927,0.365481,0.288117,0.820945,0.492988,-0.544526,-0.283028,0.789547,0.719455,0.06955,-0.691047,0.286733,0.876482,0.386733,0.632588,-0.476383,0.610647,1.0
106,0.787655,-0.495852,0.36569,0.287954,0.820996,0.492997,-0.544684,-0.28301,0.789444,0.719356,0.06946,-0.691159,0.28689,0.876456,0.386675,0.632629,-0.476444,0.610557,1.0
107,0.78766,-0.495958,0.365537,0.287915,0.82083,0.493296,-0.544698,-0.283306,0.789329,0.720776,0.070415,-0.689581,0.286074,0.875933,0.38846,0.631381,-0.477264,0.611208,1.0
108,0.788935,-0.494489,0.364776,0.288137,0.822031,0.491162,-0.542732,-0.28239,0.79101,0.720791,0.070399,-0.689567,0.286094,0.875921,0.388473,0.631355,-0.477289,0.611215,1.0
109,0.790881,-0.493833,0.361434,0.28935,0.822176,0.490205,-0.539242,-0.283113,0.793135,0.719772,0.074448,-0.690206,0.28146,0.877554,0.388173,0.634592,-0.473662,0.610684,1.0
110,0.791812,-0.495131,0.357598,0.290813,0.820504,0.492137,-0.537084,-0.285686,0.793677,0.719658,0.074338,-0.690336,0.281771,0.877431,0.388226,0.634583,-0.473907,0.610505,1.0
111,0.791816,-0.495177,0.357526,0.290854,0.82046,0.492187,-0.537056,-0.285734,0.793678,0.71956,0.074238,-0.69045,0.281952,0.877394,0.388177,0.634615,-0.47399,0.610406,1.0
112,0.797574,-0.49149,0.349733,0.293119,0.8225,0.487416,-0.527216,-0.286237,0.800069,0.719312,0.073993,-0.690734,0.282212,0.877441,0.387881,0.634779,-0.473941,0.610273,1.0
113,0.800533,-0.489654,0.34552,0.293825,0.82319,0.485823,-0.522315,-0.287395,0.802864,0.719211,0.073894,-0.69085,0.282308,0.877468,0.387752,0.634851,-0.473908,0.610224,1.0
114,0.796136,-0.495263,0.347678,0.293922,0.818735,0.493236,-0.528938,-0.290493,0.797394,0.719151,0.07383,-0.690919,0.282295,0.877539,0.387601,0.634925,-0.473787,0.610242,1.0
115,0.795275,-0.496651,0.347668,0.294792,0.817912,0.494081,-0.529748,-0.290441,0.796875,0.719135,0.073814,-0.690937,0.282212,0.877616,0.387487,0.634979,-0.473647,0.610294,1.0
116,0.796103,-0.49805,0.343751,0.297044,0.8165,0.495067,-0.527241,-0.292015,0.797961,0.718813,0.073496,-0.691306,0.282453,0.877749,0.38701,0.635238,-0.473449,0.610178,1.0
117,0.796131,-0.498502,0.343028,0.297464,0.816057,0.495544,-0.526961,-0.29248,0.797976,0.720486,0.074661,-0.689438,0.281394,0.877183,0.389059,0.633811,-0.474316,0.610989,1.0
118,0.797801,-0.498115,0.339697,0.298436,0.81581,0.495367,-0.523879,-0.293827,0.79951,0.722031,0.075712,-0.687705,0.280384,0.876689,0.390897,0.632499,-0.475061,0.611768,1.0
119,0.80152,-0.495951,0.334061,0.300406,0.817016,0.492179,-0.51703,-0.294137,0.803842,0.727758,0.084608,-0.680594,0.270942,0.876171,0.39864,0.630045,-0.474515,0.614717,1.0
120,0.802092,-0.497569,0.33026,0.302517,0.815336,0.49367,-0.514908,-0.296059,0.804498,0.732169,0.087564,-0.67547,0.26813,0.874574,0.404012,0.626126,-0.476919,0.616858,1.0
121,0.804061,-0.498793,0.323557,0.304396,0.81284,0.496621,-0.510712,-0.300824,0.805404,0.732824,0.087657,-0.674747,0.268064,0.874269,0.404715,0.625387,-0.47746,0.617188,1.0
122,0.804716,-0.499603,0.320667,0.305805,0.811826,0.497415,-0.508836,-0.302216,0.80607,0.732295,0.087083,-0.675395,0.268627,0.874425,0.404003,0.625765,-0.477279,0.616945,1.0
123,0.802132,-0.503115,0.321648,0.306694,0.809275,0.50101,-0.512368,-0.303229,0.803448,0.730854,0.090801,-0.676466,0.264268,0.87616,0.40312,0.629296,-0.47339,0.61635,1.0
124,0.801486,-0.50559,0.319372,0.308311,0.806959,0.503748,-0.51241,-0.305281,0.802645,0.730735,0.090687,-0.676609,0.264421,0.876165,0.403007,0.629369,-0.473402,0.616266,1.0
125,0.804038,-0.504168,0.315179,0.309793,0.807678,0.501681,-0.507494,-0.30573,0.805591,0.730621,0.090586,-0.676747,0.264562,0.876171,0.402903,0.629443,-0.473411,0.616183,1.0
126,0.806656,-0.502903,0.310471,0.311138,0.807973,0.500371,-0.502492,-0.307028,0.808229,0.730588,0.090595,-0.67678,0.264606,0.876146,0.402927,0.629462,-0.473454,0.61613,1.0
127,0.807298,-0.503549,0.307744,0.311955,0.806789,0.50177,-0.500951,-0.309076,0.808405,0.729958,0.08999,-0.677541,0.265268,0.876291,0.402177,0.629915,-0.473303,0.615784,1.0
128,0.809221,-0.502348,0.30464,0.312796,0.807325,0.500383,-0.49731,-0.309631,0.810438,0.72968,0.089706,-0.677878,0.265526,0.876388,0.401793,0.630128,-0.473175,0.615664,1.0
129,0.80912,-0.503538,0.302939,0.313381,0.80583,0.502423,-0.497107,-0.311586,0.809813,0.731213,0.090771,-0.676082,0.264445,0.875883,0.403605,0.628805,-0.473908,0.616453,1.0
130,0.805979,-0.507727,0.304318,0.313898,0.802457,0.507473,-0.50186,-0.313488,0.806139,0.731127,0.090677,-0.676188,0.264484,0.875949,0.403437,0.628889,-0.473804,0.616447,1.0
131,0.807268,-0.509094,0.298563,0.316618,0.800497,0.508877,-0.498066,-0.31627,0.807404,0.732613,0.091708,-0.674438,0.263484,0.875414,0.405247,0.627577,-0.474594,0.617176,1.0
132,0.807855,-0.509684,0.29596,0.317766,0.799578,0.509606,-0.496381,-0.317641,0.807904,0.732558,0.091662,-0.674504,0.263516,0.875443,0.405165,0.627628,-0.474549,0.617158,1.0
133,0.808481,-0.509709,0.294201,0.318184,0.799109,0.510081,-0.495092,-0.318781,0.808246,0.734082,0.092752,-0.672696,0.262473,0.874879,0.407053,0.626283,-0.475375,0.617889,1.0
134,0.812147,-0.508829,0.285497,0.320922,0.798233,0.509738,-0.487263,-0.32236,0.811577,0.733915,0.092584,-0.6729,0.262666,0.87491,0.406862,0.626397,-0.475351,0.617791,1.0
135,0.812874,-0.507736,0.285373,0.320584,0.799101,0.508587,-0.486271,-0.321932,0.812342,0.73382,0.092479,-0.673019,0.262751,0.874953,0.406715,0.626473,-0.475293,0.61776,1.0
136,0.812814,-0.507841,0.28536,0.32061,0.799003,0.508726,-0.486355,-0.322011,0.81226,0.735408,0.093613,-0.671126,0.261575,0.874427,0.408601,0.625102,-0.476038,0.618574,1.0
137,0.81026,-0.510966,0.287038,0.320493,0.796359,0.512928,-0.490675,-0.323611,0.809019,0.735356,0.093576,-0.671188,0.261543,0.874498,0.408469,0.625176,-0.475915,0.618593,1.0
138,0.81023,-0.511401,0.286347,0.321374,0.796198,0.512627,-0.490147,-0.323322,0.809455,0.735334,0.093579,-0.671212,0.261487,0.874549,0.408395,0.625226,-0.47582,0.618616,1.0
139,0.810174,-0.511656,0.286052,0.321817,0.7961,0.512501,-0.48995,-0.323159,0.809639,0.735278,0.093537,-0.671279,0.261543,0.874558,0.40834,0.625268,-0.475812,0.618579,1.0
140,0.81009,-0.511606,0.286377,0.321777,0.796262,0.512275,-0.490114,-0.322839,0.809667,0.734185,0.09774,-0.671876,0.256866,0.876042,0.408128,0.628483,-0.472224,0.618071,1.0
141,0.811315,-0.510264,0.285301,0.322193,0.797492,0.510095,-0.487809,-0.321926,0.811421,0.733913,0.097465,-0.672213,0.257153,0.876117,0.407787,0.628682,-0.472142,0.61793,1.0
142,0.8118,-0.511849,0.281053,0.324828,0.795802,0.511062,-0.48525,-0.323586,0.812295,0.733733,0.097278,-0.672437,0.257353,0.876163,0.407562,0.628812,-0.472095,0.617835,1.0
143,0.811522,-0.513804,0.278273,0.328073,0.794735,0.510649,-0.483528,-0.323109,0.813511,0.733681,0.097221,-0.672502,0.257451,0.876148,0.407533,0.628833,-0.472135,0.617783,1.0
144,0.810349,-0.51746,0.274895,0.334687,0.793849,0.507727,-0.480954,-0.319433,0.816483,0.733411,0.096948,-0.672835,0.257751,0.87621,0.407209,0.629024,-0.472076,0.617634,1.0
145,0.810223,-0.521681,0.267181,0.342956,0.791628,0.505673,-0.475309,-0.318077,0.820309,0.733318,0.096846,-0.672952,0.25785,0.87624,0.407081,0.629092,-0.472041,0.617591,1.0
146,0.811284,-0.520636,0.266001,0.343367,0.792538,0.503967,-0.473199,-0.317524,0.821742,0.73326,0.09679,-0.673023,0.257932,0.876238,0.407032,0.629126,-0.472055,0.617546,1.0
147,0.805977,-0.529385,0.264861,0.352845,0.788913,0.503107,-0.47529,-0.312037,0.822636,0.733113,0.096644,-0.673203,0.258119,0.876253,0.406884,0.62922,-0.472059,0.617447,1.0
148,0.799733,-0.540498,0.261319,0.36409,0.782742,0.50473,-0.477352,-0.308506,0.822774,0.733009,0.09653,-0.673333,0.258164,0.876335,0.406678,0.629322,-0.47193,0.617441,1.0
149,0.793487,-0.551054,0.258294,0.374514,0.776676,0.506471,-0.479704,-0.305144,0.82266,0.732956,0.096475,-0.673399,0.258211,0.876357,0.4066,0.629365,-0.471899,0.617421,1.0
150,0.790343,-0.557772,0.253468,0.382019,0.772097,0.507865,-0.478975,-0.304558,0.823302,0.732079,0.100876,-0.673708,0.253265,0.87778,0.406641,0.632388,-0.46832,0.617057,1.0
151,0.784752,-0.567233,0.249818,0.396121,0.768993,0.501733,-0.476708,-0.294778,0.828163,0.735159,0.103123,-0.670004,0.25119,0.876565,0.410533,0.629637,-0.470106,0.618511,1.0
152,0.790216,-0.563448,0.241008,0.402617,0.773816,0.488986,-0.462014,-0.289371,0.838335,0.736614,0.104178,-0.668241,0.250271,0.875934,0.412435,0.628302,-0.471047,0.619152,1.0
153,0.787481,-0.567907,0.239487,0.406484,0.770626,0.490822,-0.463296,-0.289166,0.837699,0.736501,0.104069,-0.668382,0.250516,0.87587,0.412423,0.628336,-0.471191,0.619009,1.0
154,0.7814,-0.575765,0.240638,0.411607,0.765385,0.494737,-0.469034,-0.287539,0.835062,0.736364,0.103931,-0.668554,0.250762,0.875834,0.41235,0.628398,-0.471288,0.618872,1.0
155,0.779939,-0.580014,0.23511,0.417547,0.76207,0.494876,-0.466206,-0.287804,0.836552,0.736224,0.103784,-0.668731,0.250898,0.875887,0.412154,0.628508,-0.471222,0.61881,1.0
156,0.780453,-0.579988,0.233464,0.417606,0.761489,0.49572,-0.465292,-0.289391,0.836513,0.736213,0.103777,-0.668744,0.250926,0.875876,0.412161,0.62851,-0.471243,0.618792,1.0
157,0.775592,-0.590665,0.222645,0.429167,0.752076,0.500196,-0.462894,-0.292396,0.836799,0.735928,0.10349,-0.669103,0.251328,0.875882,0.411901,0.628683,-0.471294,0.618576,1.0
158,0.767764,-0.601279,0.221358,0.438645,0.745073,0.502449,-0.467041,-0.288665,0.835789,0.735617,0.103163,-0.669495,0.251605,0.876019,0.41144,0.628937,-0.471111,0.618458,1.0
159,0.763285,-0.607948,0.218618,0.444196,0.73955,0.505721,-0.469132,-0.2889,0.834536,0.735497,0.103047,-0.669645,0.251593,0.876155,0.41116,0.629082,-0.470886,0.618483,1.0
160,0.757299,-0.615354,0.218716,0.452522,0.735915,0.503639,-0.470873,-0.282432,0.835769,0.735487,0.103047,-0.669656,0.251582,0.876168,0.411139,0.629098,-0.470861,0.618486,1.0
161,0.752351,-0.623144,0.213679,0.461679,0.730139,0.503734,-0.469915,-0.280333,0.837014,0.734379,0.105501,-0.67049,0.251282,0.875393,0.412968,0.630511,-0.471757,0.61636,1.0
162,0.757552,-0.620012,0.204204,0.46383,0.731382,0.499941,-0.459321,-0.284015,0.84164,0.734259,0.105284,-0.670654,0.251448,0.875457,0.412731,0.630584,-0.471686,0.616339,1.0
163,0.753847,-0.624336,0.204738,0.467501,0.728624,0.500548,-0.461688,-0.281622,0.841149,0.734062,0.105083,-0.670901,0.251683,0.875496,0.412505,0.630719,-0.471659,0.616222,1.0
164,0.75586,-0.623359,0.200246,0.468042,0.72831,0.500501,-0.457833,-0.284585,0.842259,0.733918,0.10494,-0.671081,0.251886,0.875498,0.412377,0.630806,-0.471687,0.616112,1.0
165,0.755065,-0.625629,0.196122,0.471943,0.726263,0.499811,-0.455133,-0.284832,0.843637,0.733542,0.104551,-0.671553,0.252285,0.875612,0.411893,0.631084,-0.471564,0.615922,1.0
166,0.755228,-0.625175,0.196939,0.471222,0.726707,0.499845,-0.455608,-0.284695,0.843426,0.73345,0.104454,-0.671669,0.252397,0.87563,0.411785,0.631146,-0.471551,0.615868,1.0
167,0.749611,-0.631186,0.199216,0.477019,0.723853,0.498487,-0.458841,-0.278642,0.843696,0.733434,0.104434,-0.671689,0.252484,0.875584,0.411829,0.631129,-0.47164,0.615816,1.0
168,0.750386,-0.628801,0.203785,0.473431,0.726423,0.498167,-0.461282,-0.27734,0.842792,0.733265,0.104254,-0.671901,0.252657,0.875643,0.411598,0.631257,-0.471571,0.615739,1.0
169,0.750845,-0.627343,0.206572,0.471277,0.728005,0.497901,-0.462741,-0.276493,0.842271,0.732979,0.103946,-0.672261,0.252955,0.875739,0.41121,0.631469,-0.471461,0.615605,1.0
170,0.751107,-0.626446,0.208331,0.469985,0.72901,0.497651,-0.463627,-0.275877,0.841986,0.732951,0.103916,-0.672296,0.253006,0.875732,0.411193,0.631481,-0.47148,0.615578,1.0
171,0.747726,-0.629445,0.211433,0.471872,0.727735,0.497732,-0.467163,-0.272398,0.841164,0.734519,0.10507,-0.670403,0.251984,0.875068,0.413229,0.630067,-0.472456,0.616278,1.0
172,0.750014,-0.628466,0.206176,0.472967,0.7275,0.497034,-0.462363,-0.275268,0.84288,0.734392,0.10495,-0.670561,0.252121,0.875098,0.413082,0.63016,-0.472427,0.616205,1.0
173,0.750298,-0.628926,0.203725,0.473763,0.726447,0.497817,-0.461086,-0.276994,0.843014,0.734199,0.104756,-0.670803,0.252364,0.875124,0.412878,0.630288,-0.472422,0.616078,1.0
174,0.753394,-0.626614,0.19938,0.474728,0.728108,0.49446,-0.455006,-0.277872,0.846023,0.733201,0.109097,-0.671202,0.24746,0.876563,0.412794,0.633386,-0.468757,0.6157,1.0
175,0.773961,-0.619336,0.131934,0.494193,0.721035,0.485675,-0.395925,-0.310693,0.864125,0.732028,0.107947,-0.672667,0.248833,0.876785,0.411496,0.634205,-0.468609,0.61497,1.0
176,0.775401,-0.618189,0.128821,0.495235,0.721896,0.483329,-0.391784,-0.310977,0.865908,0.732105,0.108043,-0.672568,0.248715,0.87678,0.411579,0.634163,-0.468597,0.615023,1.0
177,0.781648,-0.612234,0.11914,0.496515,0.726386,0.475221,-0.377488,-0.312301,0.871762,0.732173,0.108137,-0.672478,0.248618,0.876762,0.411674,0.634122,-0.468607,0.615057,1.0
178,0.784622,-0.608736,0.117504,0.495708,0.729813,0.470791,-0.372344,-0.311146,0.874384,0.73207,0.108046,-0.672605,0.248746,0.87677,0.41158,0.634189,-0.468614,0.614982,1.0
179,0.791183,-0.601013,0.113186,0.493888,0.737045,0.461343,-0.360697,-0.309106,0.879971,0.731921,0.107912,-0.672789,0.248909,0.876799,0.41142,0.634298,-0.468591,0.614887,1.0
180,0.801619,-0.589568,0.09907,0.492541,0.745226,0.44949,-0.338834,-0.311524,0.887774,0.731574,0.10757,-0.673221,0.249309,0.876869,0.411029,0.634541,-0.468538,0.614677,1.0
181,0.804408,-0.58642,0.095067,0.492229,0.74751,0.446024,-0.332621,-0.31199,0.889957,0.731428,0.107419,-0.673404,0.249483,0.876899,0.410859,0.634642,-0.468516,0.614589,1.0
182,0.816428,-0.571024,0.085882,0.488902,0.762693,0.423407,-0.307277,-0.303694,0.901859,0.731132,0.107108,-0.673775,0.249819,0.876974,0.410496,0.634851,-0.468449,0.614426,1.0
183,0.832819,-0.550348,0.059395,0.487564,0.78012,0.392036,-0.262092,-0.297536,0.91803,0.731144,0.107126,-0.673759,0.249768,0.876995,0.410481,0.634856,-0.468404,0.614454,1.0
184,0.834065,-0.549296,0.051076,0.490124,0.780332,0.388406,-0.253206,-0.298922,0.920071,0.731164,0.107154,-0.673733,0.249739,0.87699,0.410508,0.634845,-0.468407,0.614463,1.0
185,0.846877,-0.530183,0.04128,0.477544,0.792354,0.379639,-0.233987,-0.301794,0.924212,0.731217,0.107236,-0.673662,0.249691,0.876951,0.41062,0.634803,-0.46846,0.614466,1.0
186,0.872539,-0.488543,-5e-05,0.458353,0.818584,0.346168,-0.169077,-0.302068,0.938172,0.731019,0.107069,-0.673903,0.249917,0.876976,0.410431,0.634942,-0.468453,0.614329,1.0
187,0.88856,-0.458227,-0.022102,0.438709,0.83465,0.333006,-0.134145,-0.305592,0.942665,0.730596,0.106661,-0.674427,0.250379,0.877073,0.409942,0.635246,-0.468365,0.61408,1.0
188,0.892937,-0.449524,-0.024288,0.431388,0.838994,0.331651,-0.128708,-0.306621,0.943088,0.730499,0.106567,-0.674546,0.25049,0.877092,0.409833,0.635314,-0.46835,0.614021,1.0
189,0.897544,-0.439943,-0.029374,0.424778,0.844898,0.325132,-0.118222,-0.304298,0.945212,0.730449,0.106512,-0.674609,0.250618,0.877053,0.409838,0.635321,-0.468435,0.613949,1.0
190,0.900996,-0.432008,-0.039675,0.421266,0.8494,0.317889,-0.103631,-0.30313,0.947297,0.730302,0.10636,-0.674792,0.250791,0.877084,0.409667,0.635422,-0.468413,0.613862,1.0
191,0.905736,-0.421376,-0.045645,0.41304,0.853363,0.318071,-0.095076,-0.306942,0.946967,0.731333,0.10429,-0.673999,0.250891,0.877805,0.408058,0.634196,-0.467527,0.615802,1.0
192,0.911836,-0.406744,-0.0558,0.402796,0.86001,0.31327,-0.079432,-0.308127,0.948023,0.731506,0.104088,-0.673842,0.250985,0.87778,0.408053,0.633959,-0.467618,0.615977,1.0
193,0.921566,-0.379013,-0.084047,0.385566,0.868293,0.312096,-0.045311,-0.320022,0.946325,0.731312,0.103922,-0.674078,0.25118,0.877823,0.40784,0.634105,-0.467574,0.615859,1.0
194,0.932893,-0.346955,-0.096597,0.359593,0.882395,0.303431,-0.020041,-0.317804,0.947944,0.730253,0.108174,-0.674557,0.246367,0.879247,0.407708,0.637207,-0.463919,0.615423,1.0
195,0.936188,-0.334117,-0.10916,0.351491,0.888136,0.296086,-0.001978,-0.315561,0.948902,0.730105,0.108017,-0.674743,0.246577,0.879255,0.407565,0.637295,-0.463942,0.615314,1.0
196,0.942436,-0.306251,-0.134249,0.332633,0.899655,0.282797,0.034171,-0.311174,0.949737,0.729922,0.107827,-0.67497,0.24676,0.879317,0.407322,0.637433,-0.463869,0.615225,1.0
197,0.94994,-0.270146,-0.156954,0.305626,0.907763,0.287329,0.064856,-0.320914,0.944884,0.729663,0.107561,-0.675293,0.247048,0.879381,0.407007,0.637619,-0.463808,0.615079,1.0
198,0.952351,-0.259087,-0.160935,0.296453,0.910358,0.288725,0.071704,-0.322678,0.943788,0.729644,0.107548,-0.675316,0.247083,0.879372,0.407006,0.637627,-0.463828,0.615056,1.0
199,0.956204,-0.241031,-0.166059,0.28078,0.915597,0.287826,0.082667,-0.321847,0.943175,0.729692,0.107615,-0.675253,0.246964,0.879396,0.407024,0.637617,-0.463766,0.615112,1.0
200,0.960097,-0.224225,-0.167138,0.265012,0.920349,0.287621,0.089334,-0.320438,0.943047,0.72816,0.106498,-0.677082,0.247945,0.880024,0.405068,0.638987,-0.462834,0.614393,1.0
201,0.962901,-0.211146,-0.16804,0.252849,0.923494,0.288489,0.09427,-0.320275,0.942622,0.726964,0.105747,-0.678483,0.248562,0.880541,0.403562,0.640108,-0.462021,0.613837,1.0
202,0.963127,-0.208141,-0.170478,0.25046,0.925049,0.285573,0.098261,-0.317742,0.943071,0.725536,0.104733,-0.680167,0.24941,0.881141,0.401725,0.641397,-0.461107,0.613179,1.0
203,0.963583,-0.200662,-0.176753,0.244319,0.929321,0.276895,0.108698,-0.309995,0.944503,0.724273,0.103893,-0.68164,0.250081,0.881688,0.400106,0.642562,-0.460252,0.612602,1.0
204,0.965626,-0.188301,-0.179187,0.232785,0.933188,0.273807,0.115657,-0.306108,0.944945,0.724371,0.104007,-0.681519,0.24996,0.881666,0.400228,0.642499,-0.460266,0.612656,1.0
205,0.965721,-0.188128,-0.178854,0.232543,0.933178,0.274048,0.115346,-0.306245,0.944938,0.724278,0.103911,-0.681632,0.250016,0.881721,0.400073,0.642582,-0.460183,0.612632,1.0
206,0.965469,-0.18876,-0.179546,0.233316,0.933114,0.273605,0.115891,-0.306048,0.944935,0.724053,0.103675,-0.681907,0.250195,0.881827,0.399728,0.642766,-0.460035,0.612551,1.0
207,0.965417,-0.188984,-0.179593,0.233536,0.933088,0.273507,0.115888,-0.30599,0.944955,0.723939,0.103562,-0.682045,0.25029,0.881873,0.399567,0.642857,-0.459971,0.612502,1.0
208,0.965332,-0.189139,-0.179884,0.233794,0.93298,0.273658,0.116069,-0.306226,0.944855,0.723814,0.103434,-0.682198,0.25045,0.881886,0.399439,0.642936,-0.459976,0.612416,1.0
209,0.965824,-0.184735,-0.18181,0.230045,0.93413,0.27291,0.119417,-0.305408,0.944703,0.723455,0.103067,-0.682633,0.250845,0.881968,0.399009,0.643185,-0.459901,0.612211,1.0
210,0.966128,-0.183989,-0.180955,0.229165,0.934096,0.273765,0.118659,-0.30596,0.94462,0.723295,0.102909,-0.682827,0.251008,0.882011,0.398812,0.643302,-0.459854,0.612123,1.0
211,0.967046,-0.177468,-0.182556,0.22323,0.935823,0.272767,0.122433,-0.304531,0.9446,0.723169,0.102794,-0.682977,0.25116,0.882021,0.398692,0.643384,-0.459859,0.612033,1.0
212,0.967156,-0.174248,-0.185059,0.220424,0.93751,0.269237,0.12658,-0.301186,0.945126,0.723048,0.102674,-0.683123,0.251296,0.882044,0.398556,0.643467,-0.459841,0.611959,1.0
213,0.967336,-0.170555,-0.187538,0.217205,0.939098,0.266302,0.130697,-0.298338,0.945469,0.722755,0.102375,-0.683479,0.251632,0.882101,0.398217,0.643665,-0.459799,0.611782,1.0
214,0.967296,-0.170655,-0.187655,0.217446,0.938818,0.26709,0.130593,-0.29916,0.945223,0.721784,0.106657,-0.68385,0.246646,0.883548,0.398131,0.646677,-0.456034,0.611424,1.0
215,0.967177,-0.170957,-0.187991,0.217839,0.938735,0.267064,0.130817,-0.29925,0.945164,0.721698,0.106558,-0.683956,0.246752,0.883566,0.398025,0.646734,-0.456022,0.611374,1.0
216,0.96803,-0.165636,-0.188366,0.212572,0.940378,0.265521,0.133155,-0.297074,0.945524,0.721597,0.106449,-0.68408,0.246873,0.883585,0.397907,0.6468,-0.45601,0.611313,1.0
217,0.969182,-0.159426,-0.187798,0.206258,0.941994,0.26477,0.134693,-0.295345,0.945848,0.721455,0.106305,-0.684251,0.247017,0.883625,0.397728,0.646903,-0.455966,0.611237,1.0
218,0.968913,-0.160202,-0.188522,0.207183,0.941888,0.264427,0.135204,-0.295266,0.945799,0.72128,0.106117,-0.684466,0.247241,0.883649,0.397537,0.647013,-0.455964,0.611121,1.0
219,0.96884,-0.160429,-0.188705,0.207468,0.941807,0.26449,0.135292,-0.295399,0.945745,0.721177,0.106007,-0.684592,0.247362,0.883669,0.397416,0.647082,-0.455949,0.61106,1.0
220,0.968488,-0.161267,-0.189796,0.208727,0.94131,0.265269,0.135878,-0.296526,0.945308,0.721114,0.105945,-0.684667,0.247416,0.883693,0.397329,0.647131,-0.455917,0.611032,1.0
221,0.96813,-0.162272,-0.190762,0.210032,0.940954,0.265502,0.136415,-0.297107,0.945049,0.721079,0.105912,-0.684709,0.247488,0.883676,0.397323,0.647143,-0.455959,0.610988,1.0
222,0.968293,-0.161931,-0.190224,0.209581,0.940965,0.265817,0.13595,-0.297256,0.945069,0.720998,0.105829,-0.684807,0.247598,0.88368,0.397246,0.647191,-0.455971,0.610929,1.0
223,0.968295,-0.161965,-0.190188,0.209725,0.940694,0.266663,0.135719,-0.298096,0.944838,0.720872,0.105695,-0.68496,0.247746,0.883704,0.397099,0.647274,-0.455954,0.610853,1.0
224,0.967885,-0.163094,-0.191305,0.211173,0.940354,0.266719,0.136395,-0.298552,0.944596,0.720669,0.105484,-0.685207,0.24798,0.883745,0.396863,0.647411,-0.455924,0.61073,1.0
225,0.968816,-0.157419,-0.191349,0.205644,0.941632,0.266532,0.138223,-0.29757,0.94464,0.720656,0.10547,-0.685222,0.247995,0.883748,0.396847,0.647419,-0.455923,0.610723,1.0
226,0.969557,-0.153377,-0.190873,0.201839,0.941934,0.268366,0.138628,-0.298722,0.944217,0.720554,0.105363,-0.685346,0.248114,0.883768,0.396728,0.647487,-0.455908,0.610661,1.0
227,0.969183,-0.154444,-0.191912,0.203178,0.941679,0.268251,0.139289,-0.298977,0.944039,0.720309,0.105114,-0.685641,0.248392,0.883816,0.396447,0.647653,-0.455872,0.610512,1.0
228,0.968867,-0.158149,-0.190487,0.206887,0.939781,0.272044,0.135992,-0.302984,0.943242,0.720177,0.104976,-0.685802,0.248527,0.883855,0.396276,0.647749,-0.455829,0.610442,1.0
229,0.969394,-0.154652,-0.190673,0.203787,0.939991,0.273655,0.13691,-0.304137,0.942738,0.720025,0.104821,-0.685985,0.248733,0.88386,0.396134,0.647838,-0.455854,0.610329,1.0
230,0.969406,-0.154555,-0.190694,0.203729,0.939945,0.273858,0.136915,-0.30433,0.942675,0.719967,0.104763,-0.686055,0.248816,0.883859,0.396083,0.647871,-0.455869,0.610283,1.0
