,r1,r2,r3,r4,r5,r6,r7,r8,r9,r10,r11,r12,r13,r14,r15,r16,r17,r18,status
0,-0.280776,-0.323014,0.903784,0.67711,-0.734042,-0.051993,0.680211,0.597363,0.424818,-0.559718,0.283585,-0.778649,-0.632787,-0.75296,0.180638,-0.535066,0.593826,0.600894,1.0
1,-0.273396,-0.34312,0.898622,0.679567,-0.73007,-0.072011,0.680766,0.590987,0.432771,-0.559555,0.283547,-0.778779,-0.632551,-0.753255,0.180236,-0.535515,0.59347,0.600846,1.0
2,-0.253728,-0.379944,0.88953,0.683732,-0.720944,-0.11291,0.684201,0.579552,0.442704,-0.55253,0.285064,-0.783229,-0.633619,-0.754168,0.172501,-0.541513,0.591582,0.597322,1.0
3,-0.235651,-0.407326,0.882356,0.687707,-0.711411,-0.144747,0.686678,0.572693,0.447766,-0.546508,0.2862,-0.78703,-0.634167,-0.755225,0.165727,-0.546954,0.589681,0.594235,1.0
4,-0.223084,-0.419493,0.879919,0.688848,-0.706528,-0.162188,0.689725,0.56995,0.446582,-0.542092,0.290175,-0.788627,-0.639039,-0.75178,0.16265,-0.545678,0.592135,0.592967,1.0
5,-0.205424,-0.445548,0.871371,0.691229,-0.696356,-0.193104,0.692822,0.562649,0.451024,-0.538412,0.294179,-0.789664,-0.643831,-0.748198,0.160248,-0.543685,0.59469,0.592241,1.0
6,-0.196481,-0.473652,0.858515,0.692123,-0.687198,-0.220735,0.694521,0.550828,0.462847,-0.53464,0.298033,-0.790781,-0.648119,-0.7451,0.15737,-0.54231,0.596657,0.591522,1.0
7,-0.17561,-0.497704,0.849382,0.68967,-0.67788,-0.254621,0.702506,0.54108,0.462294,-0.5329,0.300777,-0.790917,-0.650619,-0.743268,0.155713,-0.541028,0.597565,0.591779,1.0
8,-0.163558,-0.51036,0.844263,0.688174,-0.672211,-0.273035,0.706869,0.536344,0.461162,-0.533635,0.30025,-0.790621,-0.649252,-0.744511,0.155477,-0.541945,0.596281,0.592236,1.0
9,-0.14645,-0.54005,0.828792,0.687612,-0.657894,-0.307188,0.711155,0.5249,0.467694,-0.533005,0.299395,-0.79137,-0.64654,-0.747444,0.152682,-0.545793,0.593033,0.591963,1.0
10,-0.128007,-0.565189,0.814969,0.686807,-0.643324,-0.338274,0.715478,0.516426,0.470525,-0.533468,0.298527,-0.791386,-0.64409,-0.749831,0.151326,-0.548231,0.590452,0.592289,1.0
11,-0.1165,-0.574944,0.809856,0.684995,-0.636953,-0.353656,0.719172,0.513547,0.468039,-0.530185,0.304654,-0.791257,-0.651797,-0.743299,0.15055,-0.542275,0.595559,0.592659,1.0
12,-0.099142,-0.590779,0.800718,0.676987,-0.629795,-0.380848,0.729285,0.504318,0.46239,-0.522311,0.319601,-0.790598,-0.671066,-0.726102,0.149813,-0.526175,0.608793,0.593725,1.0
13,-0.095721,-0.602754,0.792164,0.657305,-0.635909,-0.404436,0.74752,0.481981,0.457063,-0.5133,0.337589,-0.789021,-0.694519,-0.703485,0.15083,-0.504147,0.625412,0.595561,1.0
14,-0.099975,-0.609679,0.786318,0.612577,-0.660461,-0.43421,0.784062,0.438271,0.439505,-0.510161,0.345756,-0.78752,-0.705158,-0.692385,0.152819,-0.492429,0.633289,0.59704,1.0
15,-0.099713,-0.61005,0.786063,0.592657,-0.670991,-0.445565,0.799258,0.421437,0.428457,-0.507352,0.351487,-0.786797,-0.712656,-0.684451,0.153778,-0.484473,0.638735,0.597747,1.0
16,-0.105126,-0.611992,0.783844,0.564806,-0.68549,-0.459452,0.818499,0.39442,0.41772,-0.507356,0.353708,-0.785799,-0.715645,-0.68092,0.155561,-0.480043,0.641278,0.598598,1.0
17,-0.108709,-0.615666,0.780472,0.537991,-0.696644,-0.474605,0.83591,0.368293,0.406954,-0.50361,0.353636,-0.788236,-0.716069,-0.681314,0.151836,-0.483343,0.640898,0.596345,1.0
18,-0.114276,-0.61818,0.777684,0.528589,-0.70064,-0.479265,0.84115,0.356307,0.40683,-0.503422,0.353576,-0.788383,-0.716133,-0.681267,0.15175,-0.483445,0.640982,0.596173,1.0
19,-0.128681,-0.616541,0.776735,0.510056,-0.712853,-0.481334,0.85046,0.33424,0.406201,-0.502995,0.353479,-0.7887,-0.716282,-0.681159,0.151529,-0.483668,0.64115,0.59581,1.0
20,-0.139636,-0.620877,0.771371,0.50482,-0.7148,-0.483959,0.851855,0.321825,0.413243,-0.502004,0.353585,-0.789284,-0.716706,-0.680869,0.150825,-0.48407,0.641399,0.595216,1.0
21,-0.164031,-0.61488,0.771372,0.484022,-0.731529,-0.480194,0.859543,0.294595,0.417609,-0.500613,0.353863,-0.790042,-0.717351,-0.680418,0.14979,-0.484554,0.641724,0.59447,1.0
22,-0.169933,-0.608205,0.775376,0.474889,-0.739974,-0.476358,0.863482,0.287269,0.414576,-0.499793,0.354058,-0.790473,-0.717738,-0.680148,0.149162,-0.484827,0.641904,0.594055,1.0
23,-0.174682,-0.589525,0.788635,0.436881,-0.764196,-0.474488,0.882394,0.261655,0.391044,-0.498166,0.354482,-0.79131,-0.718513,-0.679606,0.147895,-0.485353,0.642243,0.593257,1.0
24,-0.176682,-0.57079,0.801861,0.388807,-0.788895,-0.475891,0.904218,0.227688,0.361311,-0.496899,0.354842,-0.791946,-0.719122,-0.679181,0.14689,-0.485752,0.642495,0.592658,1.0
25,-0.176268,-0.564497,0.806394,0.373911,-0.796214,-0.475639,0.91056,0.21768,0.351419,-0.496647,0.35492,-0.792068,-0.719243,-0.679096,0.146685,-0.485829,0.642541,0.592545,1.0
26,-0.175592,-0.560358,0.809423,0.347695,-0.80451,-0.48153,0.921018,0.19688,0.336099,-0.496373,0.355012,-0.792199,-0.719402,-0.67897,0.14649,-0.485874,0.642624,0.592418,1.0
27,-0.182906,-0.556966,0.810144,0.320162,-0.81287,-0.486557,0.929538,0.170383,0.326998,-0.498415,0.351933,-0.79229,-0.715366,-0.683209,0.146544,-0.489727,0.639818,0.592282,1.0
28,-0.185377,-0.56006,0.807445,0.307005,-0.813565,-0.493821,0.933478,0.156347,0.322757,-0.498432,0.351917,-0.792286,-0.715356,-0.683215,0.146565,-0.489724,0.63982,0.592282,1.0
29,-0.192801,-0.565933,0.80159,0.288138,-0.813555,-0.505077,0.937978,0.133589,0.319922,-0.496226,0.352101,-0.793588,-0.715734,-0.683285,0.144383,-0.49141,0.639645,0.591074,1.0
30,-0.199299,-0.567904,0.798601,0.26464,-0.815862,-0.514134,0.943528,0.108875,0.312891,-0.495384,0.35234,-0.794008,-0.716124,-0.683018,0.143703,-0.49169,0.639797,0.590676,1.0
31,-0.210721,-0.567209,0.796159,0.239377,-0.819591,-0.520546,0.947783,0.080892,0.308482,-0.494319,0.352661,-0.79453,-0.716638,-0.682659,0.142851,-0.492015,0.640005,0.590181,1.0
32,-0.217018,-0.566896,0.794689,0.233988,-0.820567,-0.521457,0.947708,0.072782,0.310725,-0.494096,0.352726,-0.79464,-0.716731,-0.682601,0.142659,-0.492103,0.640031,0.59008,1.0
33,-0.232673,-0.569013,0.788724,0.226409,-0.820391,-0.525069,0.945833,0.056404,0.319713,-0.494049,0.352734,-0.794665,-0.716739,-0.682602,0.14261,-0.492137,0.640025,0.590057,1.0
34,-0.247025,-0.570984,0.782914,0.225867,-0.819626,-0.526493,0.942316,0.046777,0.331435,-0.494218,0.352672,-0.794587,-0.716656,-0.68266,0.142753,-0.492089,0.639997,0.590127,1.0
35,-0.255032,-0.570926,0.780385,0.230477,-0.819704,-0.524371,0.939062,0.04613,0.340636,-0.494215,0.352661,-0.794594,-0.716641,-0.682677,0.142742,-0.492112,0.639985,0.590121,1.0
36,-0.26861,-0.574298,0.773324,0.233233,-0.817716,-0.526253,0.934585,0.039008,0.353592,-0.494266,0.352636,-0.794573,-0.716602,-0.682712,0.142772,-0.492119,0.639961,0.590142,1.0
37,-0.283298,-0.575416,0.767227,0.243009,-0.816963,-0.522988,0.927733,0.038281,0.371275,-0.494107,0.352692,-0.794648,-0.71668,-0.682658,0.14264,-0.492165,0.639988,0.590074,1.0
38,-0.29239,-0.571706,0.76659,0.249856,-0.819447,-0.515827,0.923081,0.040715,0.382442,-0.494186,0.352665,-0.794611,-0.716615,-0.682719,0.142674,-0.49218,0.639938,0.590116,1.0
39,-0.297885,-0.567252,0.767782,0.25358,-0.82242,-0.509236,0.920304,0.043,0.38883,-0.494298,0.352614,-0.794563,-0.716506,-0.682826,0.14271,-0.492228,0.639851,0.59017,1.0
40,-0.304709,-0.564281,0.767293,0.255685,-0.824494,-0.50481,0.917484,0.042365,0.395509,-0.494331,0.352553,-0.79457,-0.716321,-0.683048,0.142579,-0.492463,0.639649,0.590192,1.0
41,-0.316433,-0.564031,0.762717,0.258021,-0.824894,-0.502965,0.912849,0.037642,0.406556,-0.494466,0.352418,-0.794546,-0.715986,-0.683427,0.142445,-0.492814,0.639318,0.590258,1.0
42,-0.322646,-0.564746,0.759579,0.259537,-0.824525,-0.50279,0.910241,0.034916,0.412602,-0.494618,0.352298,-0.794505,-0.7157,-0.683741,0.142375,-0.493078,0.639048,0.59033,1.0
43,-0.324029,-0.562609,0.760576,0.258603,-0.826006,-0.500836,0.910015,0.034402,0.413142,-0.494675,0.352086,-0.794563,-0.715064,-0.684513,0.14186,-0.493942,0.638339,0.590376,1.0
44,-0.326082,-0.560668,0.76113,0.257679,-0.827366,-0.499065,0.909544,0.033391,0.414262,-0.494505,0.351916,-0.794744,-0.714399,-0.68538,0.141024,-0.495074,0.637502,0.590332,1.0
45,-0.327634,-0.559359,0.761427,0.257089,-0.828281,-0.497848,0.909153,0.032643,0.415179,-0.49434,0.351712,-0.794937,-0.713603,-0.686404,0.140069,-0.496384,0.636512,0.5903,1.0
46,-0.328936,-0.558263,0.76167,0.25667,-0.829042,-0.496797,0.908801,0.032083,0.415991,-0.494213,0.351622,-0.795056,-0.713225,-0.6869,0.139558,-0.497053,0.636026,0.590261,1.0
47,-0.333244,-0.554751,0.762364,0.25736,-0.831397,-0.492488,0.907036,0.032083,0.419828,-0.494225,0.351389,-0.795151,-0.712506,-0.687776,0.138919,-0.498072,0.635208,0.590283,1.0
48,-0.337497,-0.553951,0.761074,0.25958,-0.831931,-0.490415,0.904828,0.032046,0.424569,-0.494861,0.350985,-0.794934,-0.71169,-0.688603,0.139003,-0.498607,0.634534,0.590556,1.0
49,-0.338239,-0.55387,0.760803,0.259952,-0.831987,-0.490124,0.904444,0.031993,0.42539,-0.493205,0.353814,-0.794709,-0.715368,-0.684761,0.139101,-0.494971,0.637116,0.590835,1.0
50,-0.340695,-0.555233,0.758711,0.261437,-0.831111,-0.490819,0.903092,0.031136,0.428314,-0.490458,0.359311,-0.793943,-0.722533,-0.677023,0.139947,-0.487234,0.642288,0.591666,1.0
51,-0.343929,-0.558381,0.754932,0.263789,-0.829057,-0.49303,0.901181,0.029575,0.432431,-0.487388,0.364887,-0.79329,-0.729839,-0.668983,0.140695,-0.47936,0.647548,0.592363,1.0
52,-0.349248,-0.560126,0.751188,0.267117,-0.827919,-0.49315,0.89815,0.028424,0.438768,-0.484352,0.370382,-0.792602,-0.736963,-0.660957,0.141487,-0.471473,0.652649,0.593094,1.0
53,-0.349107,-0.560045,0.751314,0.267525,-0.827956,-0.492866,0.898083,0.028932,0.438872,-0.482986,0.373055,-0.792182,-0.740363,-0.657042,0.141977,-0.467533,0.655075,0.593538,1.0
54,-0.349784,-0.559311,0.751546,0.26765,-0.828447,-0.491973,0.897782,0.029067,0.439477,-0.480191,0.378325,-0.791382,-0.746968,-0.649337,0.142822,-0.459841,0.659719,0.594403,1.0
55,-0.352358,-0.557119,0.751971,0.268715,-0.829897,-0.488938,0.896456,0.029784,0.442128,-0.47919,0.377733,-0.792271,-0.746225,-0.650551,0.141174,-0.462087,0.658862,0.593612,1.0
56,-0.354444,-0.558529,0.749942,0.269207,-0.829006,-0.490178,0.895487,0.028149,0.444196,-0.479512,0.377455,-0.792208,-0.745764,-0.651076,0.141189,-0.462495,0.658503,0.593691,1.0
57,-0.354885,-0.560622,0.74817,0.268377,-0.827666,-0.49289,0.895561,0.025872,0.444185,-0.464358,0.377952,-0.80095,-0.751366,-0.64688,0.130361,-0.468849,0.662342,0.584365,1.0
58,-0.354846,-0.560516,0.748268,0.268557,-0.827731,-0.492685,0.895523,0.026126,0.444247,-0.443584,0.382477,-0.81052,-0.759123,-0.641074,0.112939,-0.476407,0.665383,0.574718,1.0
59,-0.353231,-0.561815,0.748058,0.267973,-0.82686,-0.494461,0.896335,0.0258,0.442624,-0.429682,0.387138,-0.815779,-0.76673,-0.633627,0.103152,-0.476967,0.669805,0.569089,1.0
60,-0.353386,-0.561743,0.748039,0.26836,-0.826898,-0.494187,0.896159,0.026105,0.442963,-0.424311,0.385188,-0.819505,-0.768193,-0.632271,0.100559,-0.479416,0.672207,0.564178,1.0
61,-0.353989,-0.561357,0.748043,0.269466,-0.827132,-0.493192,0.895588,0.026988,0.444062,-0.412757,0.388528,-0.823817,-0.780204,-0.617533,0.099665,-0.470012,0.683883,0.558023,1.0
62,-0.358007,-0.564328,0.743884,0.272344,-0.825159,-0.494915,0.893118,0.025409,0.449104,-0.399513,0.388938,-0.83013,-0.794208,-0.599103,0.101529,-0.457845,0.699858,0.548247,1.0
63,-0.359829,-0.565881,0.741822,0.274161,-0.824106,-0.495665,0.891828,0.025024,0.45168,-0.393098,0.386965,-0.834104,-0.797543,-0.594939,0.099858,-0.4576,0.704489,0.542491,1.0
64,-0.361277,-0.570498,0.73757,0.27702,-0.820949,-0.4993,0.890358,0.023937,0.45463,-0.371916,0.381415,-0.846286,-0.805064,-0.586394,0.089517,-0.462114,0.714607,0.525152,1.0
65,-0.360997,-0.573843,0.735109,0.27958,-0.818601,-0.501723,0.889672,0.024401,0.455947,-0.339579,0.380873,-0.860012,-0.808547,-0.585362,0.060019,-0.480559,0.715741,0.50673,1.0
66,-0.361066,-0.573838,0.735078,0.281139,-0.818561,-0.500915,0.889152,0.025796,0.456883,-0.325558,0.380592,-0.86554,-0.810189,-0.58421,0.047852,-0.487446,0.71683,0.498547,1.0
67,-0.360449,-0.575987,0.733699,0.282961,-0.817028,-0.502391,0.888824,0.026522,0.457479,-0.310134,0.380519,-0.871218,-0.812977,-0.581209,0.035549,-0.492833,0.719305,0.489605,1.0
68,-0.36169,-0.576755,0.732484,0.285511,-0.81645,-0.501888,0.887503,0.027604,0.459971,-0.317279,0.380415,-0.868687,-0.813527,-0.579921,0.043173,-0.487347,0.720399,0.493474,1.0
69,-0.366452,-0.580766,0.726926,0.288616,-0.813688,-0.504589,0.884541,0.024895,0.465796,-0.362151,0.378282,-0.851908,-0.806185,-0.585873,0.082563,-0.467878,0.716697,0.51714,1.0
70,-0.368958,-0.582789,0.724034,0.28988,-0.812293,-0.506112,0.883084,0.023149,0.468641,-0.397218,0.37788,-0.836315,-0.800497,-0.58832,0.114379,-0.4488,0.714901,0.536184,1.0
71,-0.370703,-0.583841,0.722293,0.290956,-0.81156,-0.50667,0.881999,0.022332,0.47072,-0.46879,0.374256,-0.800104,-0.780647,-0.599375,0.177026,-0.41331,0.707587,0.573143,1.0
72,-0.370982,-0.583467,0.722452,0.290908,-0.811828,-0.506267,0.881898,0.022351,0.470908,-0.529237,0.377265,-0.759985,-0.757254,-0.614046,0.222515,-0.382719,0.693265,0.610662,1.0
73,-0.36939,-0.581681,0.724705,0.290277,-0.813064,-0.504644,0.882773,0.023954,0.469186,-0.57602,0.388717,-0.719096,-0.734335,-0.632521,0.246309,-0.359099,0.669937,0.649793,1.0
74,-0.36958,-0.581774,0.724533,0.290292,-0.813001,-0.504736,0.882689,0.023786,0.469354,-0.596874,0.396894,-0.69729,-0.7222,-0.644368,0.251425,-0.349523,0.653653,0.671245,1.0
75,-0.369777,-0.581713,0.724481,0.290135,-0.813052,-0.504744,0.882658,0.023555,0.469424,-0.621998,0.43475,-0.651237,-0.715874,-0.652698,0.248008,-0.31724,0.620465,0.717203,1.0
76,-0.373157,-0.579245,0.724726,0.292516,-0.814763,-0.500594,0.880447,0.025194,0.473473,-0.621393,0.498941,-0.604092,-0.737023,-0.633836,0.234624,-0.265832,0.591024,0.761593,1.0
77,-0.372787,-0.579634,0.724605,0.292686,-0.814482,-0.500951,0.880547,0.025334,0.473279,-0.621845,0.524186,-0.581839,-0.743924,-0.627539,0.229717,-0.244713,0.575693,0.780187,1.0
78,-0.374955,-0.57984,0.72332,0.29447,-0.814331,-0.500151,0.87903,0.025462,0.476083,-0.629106,0.556701,-0.542501,-0.747225,-0.625426,0.224715,-0.214195,0.546741,0.80944,1.0
79,-0.375324,-0.580704,0.722436,0.294699,-0.813734,-0.500988,0.878796,0.024869,0.476546,-0.632037,0.577143,-0.517139,-0.752222,-0.617306,0.230419,-0.186248,0.534637,0.824301,1.0
80,-0.375535,-0.580933,0.722142,0.294763,-0.813577,-0.501204,0.878684,0.024641,0.476764,-0.639971,0.576111,-0.508459,-0.746427,-0.623206,0.233363,-0.182433,0.528874,0.82886,1.0
81,-0.377202,-0.581859,0.720526,0.294682,-0.812967,-0.50224,0.877998,0.02288,0.478116,-0.639852,0.588398,-0.494344,-0.7518,-0.612619,0.243912,-0.159328,0.527715,0.834344,1.0
82,-0.378114,-0.580874,0.720843,0.293797,-0.813692,-0.501585,0.877902,0.022125,0.478327,-0.653648,0.587074,-0.477584,-0.743628,-0.615447,0.261228,-0.140568,0.525897,0.838851,1.0
83,-0.37941,-0.579542,0.721233,0.292878,-0.814662,-0.500546,0.87765,0.021321,0.478826,-0.661907,0.598076,-0.451866,-0.741838,-0.609107,0.28047,-0.107492,0.520856,0.846848,1.0
84,-0.379934,-0.579016,0.721381,0.292493,-0.815046,-0.500147,0.877552,0.020976,0.479022,-0.668871,0.605519,-0.431227,-0.738605,-0.606956,0.293369,-0.084096,0.514733,0.853215,1.0
85,-0.382876,-0.576534,0.721813,0.292821,-0.816801,-0.497081,0.876162,0.021042,0.481555,-0.66241,0.627424,-0.409328,-0.746764,-0.596515,0.29413,-0.059627,0.500507,0.863676,1.0
86,-0.385313,-0.571844,0.724242,0.294458,-0.820006,-0.490798,0.874544,0.024148,0.484344,-0.658155,0.640975,-0.394945,-0.750845,-0.597366,0.28175,-0.055332,0.481978,0.874434,1.0
87,-0.38342,-0.570422,0.726365,0.294137,-0.82094,-0.489429,0.875483,0.025995,0.482547,-0.655111,0.648132,-0.38827,-0.753635,-0.596969,0.275066,-0.053507,0.472813,0.879536,1.0
88,-0.382765,-0.568318,0.728357,0.293493,-0.822358,-0.487429,0.875986,0.027197,0.481567,-0.649917,0.659211,-0.378216,-0.758362,-0.595206,0.265736,-0.049941,0.459532,0.886756,1.0
89,-0.378745,-0.562868,0.734664,0.292072,-0.825929,-0.482218,0.878205,0.031938,0.477215,-0.646538,0.666153,-0.371789,-0.76148,-0.593051,0.261607,-0.04622,0.452249,0.890692,1.0
90,-0.377533,-0.563925,0.734477,0.291346,-0.825231,-0.483849,0.878968,0.031318,0.475849,-0.64418,0.670074,-0.368823,-0.763633,-0.590874,0.260254,-0.043539,0.449296,0.892321,1.0
91,-0.378223,-0.56326,0.734632,0.291235,-0.825689,-0.483134,0.878708,0.031218,0.476335,-0.643472,0.670563,-0.36917,-0.76429,-0.589572,0.261273,-0.042453,0.450275,0.891879,1.0
92,-0.375488,-0.562115,0.736908,0.289475,-0.826439,-0.482909,0.880461,0.03199,0.473036,-0.642871,0.671826,-0.36792,-0.764997,-0.587383,0.264121,-0.038667,0.451253,0.891557,1.0
93,-0.372351,-0.564665,0.73655,0.287312,-0.824764,-0.487047,0.882499,0.030267,0.469337,-0.641704,0.671266,-0.370967,-0.766024,-0.58474,0.266991,-0.037697,0.455499,0.889437,1.0
94,-0.372449,-0.564586,0.736562,0.287546,-0.824811,-0.486829,0.882382,0.030477,0.469544,-0.642068,0.672015,-0.368977,-0.765853,-0.584131,0.26881,-0.034887,0.455177,0.889717,1.0
95,-0.369219,-0.567005,0.73633,0.285751,-0.823194,-0.490609,0.88432,0.029265,0.465961,-0.64237,0.670881,-0.370509,-0.765657,-0.582961,0.27189,-0.033587,0.458337,0.888143,1.0
96,-0.362762,-0.568987,0.738008,0.282532,-0.821833,-0.494738,0.888019,0.029039,0.458887,-0.644855,0.668466,-0.370558,-0.763743,-0.582155,0.27891,-0.029281,0.462868,0.885942,1.0
97,-0.355692,-0.56766,0.742458,0.279876,-0.822649,-0.494891,0.891713,0.031767,0.451484,-0.645881,0.66695,-0.371503,-0.762933,-0.581566,0.282334,-0.027751,0.465786,0.884461,1.0
98,-0.353092,-0.56733,0.74395,0.278642,-0.822851,-0.495251,0.893131,0.032427,0.448625,-0.645956,0.667083,-0.371134,-0.762897,-0.581311,0.282956,-0.02699,0.465915,0.884417,1.0
99,-0.348559,-0.568522,0.745176,0.276411,-0.822027,-0.497863,0.895602,0.03244,0.443671,-0.64702,0.667662,-0.368226,-0.762131,-0.580742,0.286168,-0.022781,0.465794,0.884599,1.0
100,-0.345373,-0.57095,0.744803,0.274579,-0.820387,-0.501567,0.897397,0.03128,0.440111,-0.649364,0.668445,-0.362639,-0.760313,-0.580545,0.291359,-0.015771,0.464917,0.885213,1.0
101,-0.343564,-0.572365,0.744554,0.27386,-0.819416,-0.503545,0.898311,0.030903,0.43827,-0.649298,0.668637,-0.362402,-0.760388,-0.580028,0.29219,-0.014834,0.465285,0.885036,1.0
102,-0.341902,-0.576514,0.742114,0.272707,-0.816591,-0.508732,0.899295,0.028444,0.436414,-0.649032,0.669081,-0.362058,-0.760648,-0.578916,0.293717,-0.013081,0.466031,0.88467,1.0
103,-0.340671,-0.577308,0.742063,0.271893,-0.816045,-0.510042,0.900009,0.028005,0.434969,-0.648475,0.669528,-0.36223,-0.76114,-0.577816,0.294607,-0.012055,0.466754,0.884304,1.0
104,-0.33973,-0.575176,0.744147,0.271299,-0.817504,-0.508018,0.900544,0.029297,0.433775,-0.648009,0.669799,-0.362563,-0.76154,-0.577161,0.294854,-0.011765,0.467175,0.884085,1.0
105,-0.336748,-0.574357,0.746132,0.269887,-0.818042,-0.507905,0.902087,0.030335,0.430485,-0.646707,0.670429,-0.363722,-0.762649,-0.575657,0.294931,-0.011649,0.468127,0.883584,1.0
106,-0.333579,-0.576976,0.745535,0.268119,-0.816238,-0.511728,0.90379,0.02919,0.426978,-0.645425,0.671007,-0.364931,-0.763732,-0.574303,0.294768,-0.01179,0.468961,0.883139,1.0
107,-0.331584,-0.578604,0.745163,0.267672,-0.815089,-0.513791,0.904656,0.029094,0.425146,-0.647403,0.6717,-0.360121,-0.76212,-0.57448,0.29857,-0.006333,0.467751,0.883837,1.0
108,-0.331744,-0.5785,0.745173,0.268029,-0.815152,-0.513504,0.904492,0.029377,0.425477,-0.649605,0.672261,-0.355072,-0.76027,-0.574964,0.302332,-0.000908,0.466348,0.8846,1.0
109,-0.330974,-0.578957,0.74516,0.26713,-0.814849,-0.514453,0.905039,0.028784,0.424351,-0.649881,0.672256,-0.354578,-0.760035,-0.574913,0.303018,-0.000146,0.466418,0.884564,1.0
110,-0.327993,-0.5811,0.74481,0.265089,-0.813364,-0.517848,0.906723,0.02759,0.420821,-0.650409,0.672178,-0.353757,-0.759583,-0.574989,0.304006,0.00094,0.466436,0.884554,1.0
111,-0.324852,-0.583427,0.744368,0.263297,-0.811728,-0.521316,0.908375,0.02664,0.417306,-0.65178,0.672493,-0.350622,-0.758393,-0.575047,0.306855,0.004734,0.465911,0.884818,1.0
112,-0.321907,-0.585685,0.743874,0.261673,-0.810128,-0.524612,0.909891,0.025775,0.414043,-0.651994,0.672549,-0.350113,-0.758202,-0.574881,0.307637,0.005627,0.466035,0.884748,1.0
113,-0.319407,-0.587688,0.743371,0.261179,-0.808676,-0.527094,0.910913,0.025796,0.411788,-0.651697,0.674221,-0.347441,-0.758444,-0.574898,0.307009,0.007248,0.463592,0.886018,1.0
114,-0.315615,-0.590674,0.742623,0.25943,-0.806522,-0.531241,0.912733,0.024991,0.40779,-0.65336,0.674392,-0.343969,-0.756957,-0.574998,0.310471,0.011597,0.46322,0.886167,1.0
115,-0.313784,-0.592105,0.74226,0.258393,-0.805489,-0.53331,0.913658,0.024451,0.405745,-0.653552,0.674418,-0.343555,-0.756781,-0.574883,0.311113,0.012316,0.463324,0.886102,1.0
116,-0.311286,-0.592653,0.742874,0.257022,-0.805084,-0.534582,0.914898,0.024527,0.402936,-0.653284,0.674724,-0.343461,-0.756996,-0.574167,0.311911,0.013249,0.463765,0.885858,1.0
117,-0.308793,-0.593082,0.743572,0.255692,-0.804762,-0.535704,0.916116,0.024704,0.400151,-0.652819,0.675067,-0.343672,-0.757388,-0.573427,0.31232,0.013765,0.464182,0.885632,1.0
118,-0.309047,-0.592865,0.74364,0.255591,-0.804926,-0.535505,0.916058,0.024571,0.400291,-0.653675,0.675452,-0.341281,-0.756594,-0.573439,0.314218,0.016535,0.463608,0.885886,1.0
119,-0.310569,-0.591401,0.744171,0.254922,-0.806025,-0.534169,0.915729,0.02381,0.401088,-0.655275,0.677395,-0.334287,-0.755024,-0.573569,0.317737,0.023496,0.4606,0.887295,1.0
120,-0.311963,-0.590032,0.744675,0.254375,-0.807046,-0.532888,0.915408,0.023185,0.401857,-0.655498,0.680687,-0.327088,-0.754624,-0.573521,0.318771,0.029391,0.455783,0.889605,1.0
121,-0.311652,-0.58991,0.744902,0.252574,-0.807172,-0.533552,0.916012,0.02186,0.400553,-0.654722,0.686162,-0.317047,-0.755037,-0.574015,0.316898,0.035453,0.446862,0.893899,1.0
122,-0.310846,-0.592824,0.742922,0.257445,-0.804941,-0.534594,0.914929,0.025086,0.402832,-0.654421,0.688834,-0.311832,-0.755149,-0.57442,0.315894,0.038476,0.442208,0.896086,1.0
123,-0.30762,-0.597204,0.740754,0.25794,-0.801693,-0.539216,0.91588,0.025197,0.40066,-0.652694,0.694657,-0.302391,-0.756417,-0.575009,0.311762,0.04269,0.43222,0.900756,1.0
124,-0.308962,-0.60117,0.736977,0.258401,-0.798801,-0.543272,0.915297,0.022585,0.402142,-0.651936,0.700057,-0.291371,-0.756644,-0.575422,0.310448,0.049669,0.422857,0.904833,1.0
125,-0.311287,-0.602261,0.735106,0.2586,-0.798031,-0.544308,0.914454,0.020663,0.404161,-0.651496,0.70338,-0.284269,-0.756725,-0.575814,0.309522,0.054025,0.416766,0.907406,1.0
126,-0.307236,-0.609193,0.731087,0.266944,-0.792571,-0.548244,0.913425,0.02672,0.406127,-0.649075,0.707285,-0.280087,-0.758654,-0.574694,0.306872,0.056081,0.411672,0.909604,1.0
127,-0.30836,-0.612616,0.727746,0.2721,-0.789864,-0.549613,0.911523,0.028541,0.410256,-0.64947,0.70724,-0.279283,-0.758547,-0.577082,0.302624,0.052858,0.408395,0.911272,1.0
128,-0.308369,-0.614633,0.72604,0.276642,-0.78819,-0.54975,0.910152,0.031328,0.413086,-0.65494,0.701476,-0.28104,-0.75408,-0.582489,0.303428,0.049144,0.410654,0.910465,1.0
129,-0.306998,-0.619661,0.722338,0.280041,-0.784204,-0.553715,0.909576,0.032295,0.41428,-0.654621,0.700567,-0.284034,-0.754543,-0.582561,0.302136,0.046199,0.412101,0.909965,1.0
130,-0.311349,-0.625668,0.715262,0.285145,-0.779499,-0.557738,0.906506,0.030302,0.421102,-0.653097,0.701597,-0.284999,-0.755794,-0.580386,0.303192,0.047309,0.413414,0.909312,1.0
131,-0.313111,-0.635901,0.705402,0.295332,-0.771118,-0.564052,0.902629,0.031717,0.429247,-0.651544,0.702649,-0.285959,-0.757061,-0.578168,0.304269,0.048462,0.414734,0.908651,1.0
132,-0.317133,-0.63874,0.701025,0.296003,-0.76892,-0.566695,0.901003,0.027788,0.432919,-0.650791,0.703167,-0.286401,-0.757668,-0.577071,0.304841,0.04908,0.415385,0.90832,1.0
133,-0.314264,-0.644592,0.696949,0.304392,-0.763801,-0.569168,0.899212,0.033277,0.436244,-0.648443,0.705651,-0.285618,-0.759606,-0.575028,0.303875,0.050191,0.414003,0.90889,1.0
134,-0.307964,-0.647695,0.696885,0.308675,-0.760883,-0.570768,0.899931,0.039335,0.434252,-0.64596,0.707531,-0.28659,-0.761798,-0.573397,0.301461,0.048963,0.413056,0.909388,1.0
135,-0.306719,-0.650478,0.694838,0.312831,-0.758364,-0.571857,0.898921,0.041967,0.436095,-0.641929,0.709907,-0.289753,-0.765593,-0.572557,0.293333,0.042339,0.410132,0.911042,1.0
136,-0.30765,-0.651231,0.69372,0.312785,-0.75778,-0.572654,0.898619,0.040808,0.436827,-0.641364,0.709605,-0.291738,-0.766162,-0.572252,0.292442,0.04057,0.411081,0.910694,1.0
137,-0.309424,-0.66051,0.684092,0.316614,-0.74991,-0.580852,0.896667,0.036864,0.441167,-0.641692,0.709578,-0.291083,-0.765832,-0.572215,0.293376,0.041611,0.411178,0.910604,1.0
138,-0.308417,-0.665402,0.679793,0.321318,-0.7455,-0.583938,0.895339,0.038333,0.443731,-0.644785,0.7073,-0.289789,-0.763361,-0.576461,0.2915,0.039126,0.409168,0.911619,1.0
139,-0.308314,-0.665255,0.679983,0.321162,-0.745629,-0.583859,0.895431,0.038373,0.443542,-0.644684,0.707345,-0.289903,-0.763442,-0.57629,0.291624,0.03921,0.40933,0.911543,1.0
140,-0.302602,-0.66837,0.679494,0.324144,-0.742589,-0.58608,0.896304,0.042905,0.441357,-0.643334,0.707378,-0.292808,-0.764717,-0.575538,0.289764,0.03645,0.410331,0.911207,1.0
141,-0.304345,-0.669856,0.677249,0.324267,-0.741369,-0.587555,0.895669,0.04079,0.442844,-0.647743,0.703393,-0.292688,-0.761092,-0.580204,0.290001,0.034165,0.410609,0.911171,1.0
142,-0.29825,-0.674876,0.674972,0.332774,-0.736308,-0.58916,0.894598,0.048896,0.444186,-0.652047,0.699433,-0.292621,-0.757506,-0.584749,0.290261,0.031908,0.410926,0.911109,1.0
143,-0.29736,-0.679348,0.670867,0.337324,-0.732089,-0.591826,0.89319,0.050314,0.446854,-0.654865,0.696748,-0.292735,-0.755139,-0.587737,0.290396,0.030281,0.411226,0.91103,1.0
144,-0.294138,-0.687056,0.664406,0.345682,-0.724572,-0.596237,0.891058,0.054297,0.450627,-0.660968,0.690197,-0.294531,-0.749906,-0.593093,0.293052,0.027579,0.414569,0.909599,1.0
145,-0.303443,-0.697049,0.649649,0.360801,-0.715082,-0.598732,0.881898,0.052713,0.468482,-0.661245,0.690103,-0.294127,-0.749662,-0.593479,0.292896,0.02757,0.414172,0.90978,1.0
146,-0.304787,-0.701385,0.644331,0.36247,-0.711032,-0.602534,0.880749,0.049906,0.470944,-0.662049,0.688649,-0.295723,-0.748942,-0.593251,0.29519,0.027845,0.41691,0.90852,1.0
147,-0.304744,-0.7069,0.638296,0.368653,-0.705482,-0.6053,0.878194,0.050848,0.475593,-0.663246,0.68703,-0.296805,-0.747865,-0.593429,0.297553,0.028295,0.419321,0.907396,1.0
148,-0.308475,-0.709247,0.633885,0.367856,-0.703483,-0.608105,0.877225,0.045593,0.477908,-0.663462,0.686978,-0.296441,-0.747667,-0.593655,0.297601,0.028462,0.419086,0.907499,1.0
149,-0.305445,-0.715571,0.62822,0.374875,-0.696837,-0.611462,0.875312,0.048736,0.481095,-0.663306,0.687096,-0.296519,-0.747801,-0.59343,0.297713,0.028594,0.419212,0.907437,1.0
150,-0.303779,-0.718613,0.62555,0.378249,-0.693582,-0.613083,0.87444,0.050372,0.48251,-0.662989,0.68726,-0.296845,-0.748086,-0.593126,0.297602,0.028463,0.419373,0.907367,1.0
151,-0.30351,-0.72773,0.615052,0.385537,-0.684095,-0.619171,0.871344,0.049201,0.488197,-0.661392,0.689144,-0.296039,-0.749521,-0.592603,0.295023,0.027879,0.417013,0.908472,1.0
152,-0.301885,-0.736234,0.60566,0.392503,-0.674942,-0.624814,0.868796,0.049101,0.492729,-0.660741,0.689429,-0.296827,-0.750104,-0.591917,0.294919,0.027629,0.417517,0.908248,1.0
153,-0.299242,-0.739242,0.603302,0.395776,-0.671481,-0.626476,0.868225,0.051305,0.49351,-0.660457,0.689573,-0.297127,-0.750359,-0.591651,0.294801,0.027491,0.417656,0.908188,1.0
154,-0.294303,-0.74456,0.599178,0.40162,-0.665251,-0.629397,0.867228,0.055408,0.494816,-0.659993,0.689818,-0.297588,-0.750774,-0.591205,0.294643,0.027314,0.417884,0.908089,1.0
155,-0.285878,-0.753209,0.59241,0.411713,-0.654785,-0.633836,0.865312,0.062703,0.497294,-0.659539,0.690054,-0.298048,-0.751179,-0.590765,0.294491,0.027138,0.418116,0.907988,1.0
156,-0.28628,-0.761812,0.581107,0.419772,-0.644909,-0.638656,0.861298,0.061098,0.504412,-0.658991,0.69032,-0.298643,-0.751671,-0.590268,0.294233,0.026836,0.418379,0.907875,1.0
157,-0.285046,-0.76666,0.575308,0.423022,-0.639214,-0.642227,0.860116,0.060304,0.50652,-0.658711,0.690458,-0.298943,-0.751922,-0.590008,0.294113,0.026694,0.418518,0.907815,1.0
158,-0.285573,-0.777416,0.56042,0.425114,-0.62685,-0.652944,0.858909,0.051779,0.509502,-0.658104,0.690771,-0.299557,-0.752461,-0.589417,0.293919,0.026466,0.418834,0.907676,1.0
159,-0.287588,-0.784312,0.549679,0.421489,-0.619003,-0.662707,0.860022,0.041097,0.508597,-0.657221,0.691219,-0.300459,-0.753245,-0.588572,0.293604,0.026103,0.419282,0.90748,1.0
160,-0.279538,-0.791551,0.543419,0.427454,-0.609397,-0.66777,0.859732,0.04562,0.508701,-0.656917,0.691366,-0.300786,-0.753517,-0.588302,0.293449,0.025927,0.419419,0.907422,1.0
161,-0.279471,-0.798692,0.532903,0.429336,-0.600392,-0.674685,0.858816,0.040239,0.510699,-0.655794,0.692963,-0.299556,-0.754506,-0.588177,0.291149,0.025563,0.416951,0.908568,1.0
162,-0.270763,-0.803555,0.530081,0.424798,-0.593872,-0.683272,0.863848,0.040173,0.502147,-0.655596,0.693039,-0.299818,-0.754682,-0.587969,0.291113,0.025469,0.417119,0.908494,1.0
163,-0.26762,-0.806531,0.52715,0.428344,-0.589657,-0.684708,0.863076,0.04256,0.503276,-0.655487,0.693087,-0.299942,-0.754778,-0.587867,0.291068,0.025409,0.417181,0.908467,1.0
164,-0.265222,-0.813599,0.517409,0.428018,-0.580203,-0.692938,0.863977,0.037678,0.502118,-0.655161,0.693248,-0.300283,-0.755064,-0.587533,0.291001,0.02531,0.417386,0.908376,1.0
165,-0.262749,-0.824517,0.501132,0.433306,-0.564894,-0.702239,0.862095,0.032631,0.505694,-0.653667,0.693361,-0.303263,-0.756448,-0.58673,0.289021,0.022463,0.418327,0.908018,1.0
166,-0.256931,-0.829676,0.495604,0.438624,-0.557069,-0.705182,0.861158,0.036201,0.507044,-0.652697,0.693211,-0.305683,-0.757358,-0.586444,0.287212,0.019833,0.418975,0.90778,1.0
167,-0.25525,-0.830061,0.495827,0.436108,-0.556525,-0.707169,0.862934,0.03573,0.50405,-0.65265,0.693237,-0.305725,-0.757399,-0.586399,0.287195,0.019817,0.418994,0.907771,1.0
168,-0.254316,-0.833503,0.490504,0.43242,-0.551658,-0.713221,0.865063,0.03072,0.500719,-0.652463,0.693331,-0.305913,-0.757563,-0.586229,0.287112,0.019728,0.419078,0.907735,1.0
169,-0.254327,-0.839786,0.479663,0.436342,-0.542261,-0.718023,0.863088,0.026684,0.504345,-0.65204,0.693541,-0.306337,-0.757931,-0.585832,0.286949,0.019549,0.419285,0.907643,1.0
170,-0.251103,-0.842036,0.477411,0.439222,-0.538632,-0.718998,0.862572,0.029147,0.505093,-0.651787,0.693668,-0.30659,-0.758152,-0.58559,0.28686,0.01945,0.419414,0.907586,1.0
171,-0.254915,-0.840101,0.478798,0.441492,-0.541651,-0.71533,0.860291,0.029037,0.508973,-0.651488,0.693823,-0.306873,-0.75841,-0.585285,0.286799,0.019379,0.419582,0.90751,1.0
172,-0.255465,-0.838147,0.481919,0.441431,-0.544587,-0.713136,0.86016,0.030553,0.509107,-0.651181,0.693969,-0.307196,-0.758678,-0.585003,0.286666,0.019227,0.419735,0.907442,1.0
173,-0.256889,-0.83761,0.482095,0.441691,-0.545446,-0.712318,0.859602,0.029951,0.510084,-0.650916,0.694095,-0.307474,-0.758909,-0.58476,0.286552,0.019095,0.419866,0.907384,1.0
174,-0.256272,-0.837929,0.481869,0.441255,-0.544957,-0.712962,0.86001,0.029915,0.509398,-0.650815,0.694142,-0.307578,-0.758996,-0.584668,0.286508,0.019046,0.419914,0.907363,1.0
175,-0.24878,-0.841771,0.479092,0.433677,-0.539099,-0.722007,0.866043,0.02815,0.499174,-0.650542,0.694286,-0.307833,-0.759232,-0.584387,0.286457,0.018989,0.420069,0.907292,1.0
176,-0.252257,-0.844194,0.472971,0.433506,-0.535576,-0.724727,0.865123,0.022219,0.501066,-0.650369,0.694405,-0.307928,-0.759376,-0.584136,0.286585,0.019134,0.42022,0.90722,1.0
177,-0.252872,-0.843963,0.473055,0.432938,-0.535968,-0.724778,0.865228,0.021527,0.500915,-0.650247,0.694484,-0.308009,-0.759479,-0.583973,0.286645,0.019201,0.420317,0.907174,1.0
178,-0.251559,-0.842788,0.475841,0.432259,-0.537727,-0.723879,0.865949,0.023589,0.499573,-0.65008,0.694591,-0.308121,-0.75962,-0.583748,0.286732,0.019297,0.420454,0.907108,1.0
179,-0.246767,-0.843205,0.477609,0.428824,-0.536983,-0.726469,0.869031,0.025542,0.494097,-0.64959,0.694847,-0.308577,-0.760041,-0.583236,0.286656,0.019209,0.42074,0.906977,1.0
180,-0.246508,-0.845279,0.474064,0.430018,-0.533768,-0.728131,0.868514,0.024365,0.495063,-0.649028,0.695139,-0.309101,-0.760524,-0.58266,0.286547,0.019089,0.421056,0.906833,1.0
181,-0.245633,-0.843797,0.477147,0.429434,-0.536012,-0.726826,0.869051,0.026371,0.494018,-0.648779,0.695257,-0.309357,-0.760739,-0.582432,0.286438,0.018968,0.421175,0.90678,1.0
182,-0.244374,-0.837642,0.488504,0.433617,-0.545,-0.7176,0.867327,0.036461,0.4964,-0.648031,0.695612,-0.310126,-0.761386,-0.581761,0.286084,0.018584,0.421517,0.906629,1.0
183,-0.230391,-0.827107,0.512653,0.436472,-0.558693,-0.705232,0.869718,0.06128,0.489727,-0.647021,0.6961,-0.31114,-0.762257,-0.580842,0.285633,0.018106,0.421979,0.906424,1.0
184,-0.215922,-0.821553,0.527662,0.435617,-0.5647,-0.700964,0.87385,0.078506,0.479814,-0.646607,0.696294,-0.311566,-0.762613,-0.580487,0.285401,0.017863,0.422147,0.90635,1.0
185,-0.191282,-0.804455,0.562372,0.429871,-0.58374,-0.688808,0.882395,0.109992,0.457471,-0.649236,0.693099,-0.313215,-0.760447,-0.583664,0.284702,0.014515,0.423023,0.906002,1.0
186,-0.165041,-0.783769,0.598721,0.428758,-0.603699,-0.672096,0.888215,0.145783,0.435682,-0.655072,0.685735,-0.317248,-0.755542,-0.591223,0.282153,0.005918,0.424526,0.905396,1.0
187,-0.143929,-0.759083,0.634883,0.42282,-0.627224,-0.654073,0.89471,0.174302,0.411232,-0.658916,0.67795,-0.325903,-0.752173,-0.59843,0.275891,-0.00799,0.426925,0.904251,1.0
188,-0.13473,-0.743908,0.654559,0.423002,-0.640545,-0.640913,0.896056,0.19053,0.400975,-0.664944,0.668932,-0.332232,-0.746666,-0.6063,0.273656,-0.018376,0.430033,0.902625,1.0
189,-0.124672,-0.713867,0.689093,0.41677,-0.667949,-0.61656,0.900421,0.210325,0.380793,-0.679706,0.646092,-0.347223,-0.732096,-0.626695,0.266996,-0.045099,0.43568,0.89897,1.0
190,-0.129376,-0.699227,0.703095,0.416678,-0.68175,-0.601327,0.8998,0.215167,0.379555,-0.689108,0.625302,-0.366232,-0.720893,-0.642989,0.258606,-0.073777,0.442222,0.893865,1.0
191,-0.136237,-0.698057,0.702962,0.421559,-0.682978,-0.596513,0.896508,0.215072,0.387319,-0.68673,0.624208,-0.372511,-0.722372,-0.643203,0.253905,-0.081111,0.443456,0.892618,1.0
192,-0.142665,-0.699521,0.700225,0.436116,-0.67951,-0.589973,0.888509,0.22121,0.402015,-0.687727,0.62155,-0.375107,-0.721397,-0.642993,0.257185,-0.081338,0.447475,0.890589,1.0
193,-0.160662,-0.710364,0.685251,0.452,-0.670144,-0.588728,0.877429,0.215147,0.428752,-0.693377,0.61109,-0.381832,-0.714222,-0.653047,0.251825,-0.095467,0.447323,0.889262,1.0
194,-0.18609,-0.717707,0.671019,0.472044,-0.664273,-0.579582,0.861709,0.208896,0.462404,-0.705284,0.575752,-0.41362,-0.693251,-0.682138,0.232572,-0.148242,0.450772,0.880242,1.0
195,-0.195879,-0.720583,0.665124,0.486176,-0.660396,-0.572283,0.851624,0.211269,0.479689,-0.71401,0.548676,-0.434905,-0.675739,-0.702599,0.223003,-0.183208,0.453109,0.872425,1.0
196,-0.2017,-0.725715,0.657764,0.522183,-0.64784,-0.554641,0.828638,0.231602,0.509626,-0.718353,0.507595,-0.475727,-0.654125,-0.725628,0.2135,-0.23683,0.464553,0.853288,1.0
197,-0.2064,-0.72682,0.65508,0.54462,-0.641539,-0.540199,0.812887,0.245273,0.528255,-0.715373,0.475834,-0.511685,-0.642166,-0.736373,0.213016,-0.275431,0.480974,0.832346,1.0
198,-0.20593,-0.72833,0.653549,0.553334,-0.637508,-0.536101,0.807102,0.251231,0.534292,-0.712755,0.459541,-0.529907,-0.635563,-0.742719,0.210776,-0.296712,0.487022,0.821444,1.0
199,-0.194504,-0.732271,0.652646,0.591523,-0.618322,-0.517472,0.782475,0.285405,0.553421,-0.710755,0.427496,-0.558635,-0.617859,-0.759024,0.205262,-0.336268,0.491048,0.803613,1.0
200,-0.187117,-0.729524,0.657861,0.624513,-0.605278,-0.49358,0.758268,0.318486,0.568855,-0.703928,0.404477,-0.583851,-0.605173,-0.771865,0.194906,-0.37182,0.490531,0.788116,1.0
201,-0.178543,-0.730214,0.659476,0.639933,-0.595301,-0.485903,0.7474,0.335266,0.573575,-0.699808,0.398114,-0.593104,-0.602741,-0.774696,0.191174,-0.383367,0.491274,0.782098,1.0
202,-0.154431,-0.725069,0.671137,0.699055,-0.560219,-0.444384,0.698192,0.400535,0.593378,-0.684346,0.395769,-0.612402,-0.610938,-0.769688,0.185293,-0.398026,0.500944,0.768523,1.0
203,-0.141,-0.701446,0.698636,0.738594,-0.544442,-0.397568,0.659239,0.459952,0.59485,-0.676847,0.375194,-0.633329,-0.603141,-0.7759,0.184929,-0.422017,0.507155,0.751461,1.0
204,-0.1198,-0.679071,0.72423,0.76392,-0.528968,-0.369619,0.634092,0.508974,0.582126,-0.663641,0.364988,-0.652965,-0.607378,-0.772442,0.185536,-0.436659,0.519726,0.73431,1.0
205,-0.105206,-0.671608,0.733398,0.786908,-0.507146,-0.351536,0.608035,0.540133,0.581849,-0.664241,0.360428,-0.654885,-0.608686,-0.769337,0.193963,-0.433917,0.527457,0.730413,1.0
206,-0.08891,-0.645705,0.758392,0.820811,-0.478821,-0.311446,0.564237,0.594806,0.572574,-0.661958,0.35376,-0.660806,-0.610389,-0.766087,0.201331,-0.435012,0.536622,0.723049,1.0
207,-0.07739,-0.61816,0.782232,0.842879,-0.45962,-0.279826,0.532507,0.637672,0.556605,-0.662534,0.343822,-0.665457,-0.60843,-0.765209,0.210396,-0.436876,0.544279,0.716169,1.0
208,-0.081205,-0.610821,0.787593,0.857687,-0.445355,-0.256965,0.507718,0.654642,0.560058,-0.664889,0.338711,-0.66573,-0.606303,-0.765288,0.216173,-0.436255,0.547365,0.714193,1.0
209,-0.097313,-0.61493,0.782553,0.880092,-0.420315,-0.220842,0.464722,0.667229,0.582098,-0.66697,0.349114,-0.658231,-0.621594,-0.747817,0.233217,-0.410818,0.564701,0.715779,1.0
210,-0.088881,-0.623004,0.777152,0.899136,-0.385883,-0.206512,0.428548,0.680411,0.594463,-0.657342,0.389402,-0.645186,-0.663162,-0.705553,0.24982,-0.357933,0.592081,0.722027,1.0
211,-0.09114,-0.633147,0.768646,0.915922,-0.356253,-0.184849,0.390869,0.687174,0.612382,-0.643922,0.421313,-0.638638,-0.697229,-0.666824,0.26309,-0.315016,0.614686,0.723135,1.0
212,-0.090252,-0.641742,0.761591,0.926723,-0.334181,-0.171771,0.364742,0.690282,0.624878,-0.631626,0.447813,-0.632859,-0.722204,-0.636687,0.270276,-0.2819,0.627768,0.725561,1.0
213,-0.085966,-0.653525,0.752006,0.945641,-0.291139,-0.144912,0.313642,0.698671,0.643029,-0.609319,0.494991,-0.619446,-0.763182,-0.578062,0.288783,-0.215133,0.648712,0.729993,1.0
214,-0.089742,-0.663239,0.743007,0.965087,-0.242227,-0.099657,0.246073,0.708124,0.661821,-0.590007,0.529761,-0.609297,-0.791733,-0.527542,0.307988,-0.15827,0.664116,0.730684,1.0
215,-0.099293,-0.666242,0.739095,0.972017,-0.223855,-0.071205,0.21289,0.711344,0.669826,-0.576496,0.543716,-0.609938,-0.805698,-0.502527,0.313555,-0.136026,0.672189,0.727775,1.0
216,-0.098427,-0.673005,0.733059,0.981807,-0.185867,-0.038814,0.162373,0.715903,0.679056,-0.545087,0.576121,-0.609067,-0.834093,-0.44602,0.324581,-0.084659,0.684945,0.723659,1.0
217,-0.099127,-0.705947,0.701293,0.99012,-0.140213,-0.001191,0.099171,0.694246,0.712872,-0.505428,0.621484,-0.598581,-0.862731,-0.376353,0.337716,-0.015393,0.687106,0.726393,1.0
218,-0.097977,-0.730353,0.676006,0.993243,-0.114205,0.02057,0.06218,0.673454,0.736608,-0.468384,0.66669,-0.579775,-0.881892,-0.312911,0.352635,0.05368,0.676468,0.734512,1.0
219,-0.095233,-0.738925,0.667023,0.994325,-0.102513,0.0284,0.047393,0.665943,0.744495,-0.450278,0.685138,-0.572567,-0.889187,-0.285762,0.357329,0.081201,0.670018,0.737889,1.0
220,-0.089522,-0.752648,0.652308,0.99567,-0.084069,0.039644,0.025001,0.653033,0.756915,-0.415459,0.711677,-0.566487,-0.901925,-0.241519,0.358047,0.117997,0.659684,0.742221,1.0
221,-0.095475,-0.764691,0.637284,0.995346,-0.081711,0.051071,0.01302,0.639194,0.768934,-0.37837,0.736369,-0.560888,-0.913734,-0.200195,0.353569,0.14807,0.646282,0.748594,1.0
222,-0.096414,-0.772174,0.628053,0.995337,-0.076498,0.058744,0.002684,0.630789,0.775949,-0.36772,0.743569,-0.558468,-0.91695,-0.189908,0.350908,0.154866,0.641123,0.751649,1.0
223,-0.092193,-0.78407,0.613786,0.995714,-0.068095,0.062574,-0.007267,0.616925,0.786988,-0.363911,0.746294,-0.557326,-0.91769,-0.184867,0.351665,0.159415,0.639428,0.752142,1.0
224,-0.093774,-0.791786,0.603556,0.99542,-0.063271,0.071654,-0.018548,0.607511,0.794094,-0.359022,0.742816,-0.565089,-0.920494,-0.181747,0.345914,0.154247,0.644353,0.749009,1.0
225,-0.097667,-0.793896,0.600158,0.995013,-0.065627,0.075111,-0.020244,0.604501,0.796346,-0.352266,0.743512,-0.568416,-0.922929,-0.175213,0.342783,0.155269,0.645359,0.747931,1.0
