,r1,r2,r3,r4,r5,r6,r7,r8,r9,r10,r11,r12,r13,r14,r15,r16,r17,r18,status
0,0.519253,-0.481077,0.706356,-0.063601,0.802471,0.593291,-0.85225,-0.352993,0.386089,0.461057,0.495271,-0.736296,0.515913,0.525491,0.676529,0.721983,-0.691783,-0.013235,1.0
1,0.522444,-0.455551,0.72078,-0.095134,0.808899,0.5802,-0.847349,-0.371693,0.379266,0.467438,0.489565,-0.736088,0.522024,0.519118,0.676761,0.713436,-0.7006,-0.01291,1.0
2,0.512827,-0.407888,0.755404,-0.155999,0.820995,0.549208,-0.844199,-0.399491,0.357398,0.468905,0.486343,-0.73729,0.527196,0.515631,0.675417,0.708654,-0.705403,-0.014616,1.0
3,0.511204,-0.355685,0.782405,-0.228346,0.821419,0.522617,-0.828569,-0.445823,0.338694,0.473376,0.481243,-0.737779,0.53138,0.511988,0.674909,0.70253,-0.711528,-0.01336,1.0
4,0.481548,-0.316517,0.817268,-0.291666,0.821479,0.490003,-0.826463,-0.474329,0.303264,0.499377,0.468776,-0.728608,0.525336,0.504901,0.684905,0.688943,-0.724791,0.005871,1.0
5,0.461685,-0.295459,0.836391,-0.327903,0.819263,0.47041,-0.824212,-0.491437,0.281359,0.514108,0.461697,-0.72286,0.521424,0.500924,0.690789,0.681034,-0.732058,0.016789,1.0
6,0.421126,-0.278917,0.863051,-0.37454,0.813147,0.445546,-0.826058,-0.510879,0.237971,0.529693,0.442411,-0.723669,0.526036,0.497942,0.689449,0.665365,-0.745872,0.031032,1.0
7,0.380679,-0.267775,0.885087,-0.408101,0.810246,0.420658,-0.829781,-0.521341,0.199164,0.550431,0.41368,-0.725185,0.524598,0.504343,0.685882,0.649478,-0.757961,0.06059,1.0
8,0.354709,-0.259865,0.898137,-0.422074,0.812645,0.401822,-0.834287,-0.52161,0.17857,0.564025,0.395703,-0.724772,0.522018,0.509209,0.684253,0.639822,-0.76428,0.080642,1.0
9,0.337718,-0.247339,0.908167,-0.433139,0.815787,0.38325,-0.835665,-0.522794,0.168374,0.579074,0.372602,-0.725147,0.504498,0.534933,0.677737,0.640432,-0.758295,0.121789,1.0
10,0.371797,-0.236262,0.897745,-0.411385,0.824993,0.387489,-0.832182,-0.513386,0.209536,0.616223,0.334497,-0.713008,0.483002,0.554576,0.677609,0.622075,-0.761943,0.180179,1.0
11,0.426025,-0.231414,0.874614,-0.347294,0.850836,0.394289,-0.835397,-0.471725,0.282109,0.648014,0.301604,-0.699365,0.462308,0.573971,0.675891,0.605266,-0.761309,0.232507,1.0
12,0.458211,-0.232036,0.858021,-0.316313,0.85956,0.401373,-0.830654,-0.455317,0.320464,0.652445,0.290941,-0.699762,0.456743,0.585859,0.669442,0.604731,-0.756387,0.249356,1.0
13,0.502929,-0.235666,0.831579,-0.27514,0.86841,0.412505,-0.819365,-0.436261,0.371908,0.667823,0.262506,-0.696492,0.454034,0.597813,0.660659,0.5898,-0.757436,0.280047,1.0
14,0.531963,-0.270353,0.802448,-0.21447,0.873742,0.43655,-0.819156,-0.404329,0.406816,0.69845,0.237785,-0.674999,0.436947,0.605292,0.665356,0.566783,-0.759657,0.318867,1.0
15,0.554941,-0.287334,0.780691,-0.189801,0.869971,0.45511,-0.809948,-0.400735,0.428246,0.708934,0.226145,-0.668034,0.432073,0.609372,0.664814,0.557426,-0.759949,0.334293,1.0
16,0.611098,-0.314854,0.72624,-0.145054,0.857406,0.493775,-0.77815,-0.40709,0.478288,0.725415,0.207616,-0.656252,0.423752,0.616616,0.663489,0.542407,-0.759394,0.359325,1.0
17,0.644545,-0.324581,0.692248,-0.111089,0.856048,0.504816,-0.756453,-0.402278,0.515704,0.737312,0.1929,-0.647425,0.414023,0.628256,0.658693,0.533811,-0.753712,0.383356,1.0
18,0.66071,-0.324204,0.677017,-0.090651,0.860857,0.500706,-0.745146,-0.392193,0.539388,0.74616,0.178497,-0.641391,0.410734,0.634781,0.654484,0.523966,-0.751791,0.400333,1.0
19,0.665468,-0.325754,0.671592,-0.083431,0.861643,0.500608,-0.741748,-0.389171,0.546218,0.747903,0.173703,-0.640677,0.411038,0.636677,0.652449,0.521237,-0.751311,0.404774,1.0
20,0.674024,-0.335144,0.658308,-0.071433,0.857412,0.509647,-0.735247,-0.390539,0.553976,0.741613,0.169454,-0.649071,0.419974,0.637208,0.646209,0.523097,-0.751831,0.401396,1.0
21,0.688011,-0.333511,0.644523,-0.061409,0.858199,0.509631,-0.723097,-0.390211,0.56997,0.724769,0.164263,-0.669124,0.439398,0.637842,0.632523,0.530696,-0.752445,0.390111,1.0
22,0.698296,-0.329051,0.635694,-0.055508,0.860512,0.506396,-0.713654,-0.3889,0.582627,0.716546,0.161621,-0.678557,0.448732,0.637967,0.625808,0.534042,-0.752911,0.384608,1.0
23,0.718776,-0.31407,0.620257,-0.046107,0.86865,0.493274,-0.69371,-0.383153,0.609884,0.710055,0.159576,-0.685825,0.457358,0.636042,0.621509,0.535392,-0.754974,0.378641,1.0
24,0.750793,-0.309611,0.58348,-0.024699,0.869566,0.493197,-0.660075,-0.3847,0.645217,0.710587,0.159907,-0.685196,0.458945,0.632811,0.623633,0.533323,-0.757614,0.37628,1.0
25,0.764041,-0.306355,0.567791,-0.01461,0.871628,0.489951,-0.645001,-0.382638,0.661484,0.710232,0.159482,-0.685664,0.460321,0.631701,0.623745,0.532611,-0.758629,0.375242,1.0
26,0.786478,-0.29946,0.540162,0.003377,0.876661,0.481095,-0.617608,-0.376547,0.690486,0.705853,0.16982,-0.6877,0.452786,0.638442,0.622395,0.544752,-0.750701,0.373755,1.0
27,0.813323,-0.300596,0.498143,0.027491,0.875092,0.483173,-0.581161,-0.379282,0.719997,0.708446,0.172703,-0.684308,0.447524,0.639817,0.624784,0.545734,-0.74887,0.375987,1.0
28,0.833613,-0.306055,0.459802,0.059948,0.877665,0.475509,-0.549084,-0.368827,0.749981,0.709466,0.173146,-0.683138,0.446866,0.639034,0.626056,0.544947,-0.749437,0.376,1.0
29,0.844559,-0.307296,0.438506,0.073215,0.877512,0.473931,-0.530431,-0.368158,0.76361,0.707692,0.177255,-0.683923,0.443706,0.641806,0.625467,0.549814,-0.746099,0.375552,1.0
30,0.855103,-0.316507,0.410634,0.093697,0.873332,0.478028,-0.509919,-0.370288,0.776445,0.704948,0.181037,-0.685764,0.440922,0.645475,0.623657,0.555548,-0.742015,0.375204,1.0
31,0.850803,-0.331902,0.407399,0.110166,0.870714,0.47929,-0.513806,-0.3629,0.777371,0.703786,0.182377,-0.686602,0.437024,0.650824,0.620835,0.560084,-0.736997,0.378338,1.0
32,0.853138,-0.341231,0.394607,0.122629,0.86639,0.484074,-0.507065,-0.364592,0.780996,0.702881,0.182292,-0.687551,0.437532,0.651308,0.61997,0.560823,-0.736591,0.378034,1.0
33,0.85666,-0.341228,0.386907,0.126164,0.865793,0.484235,-0.500216,-0.366011,0.784741,0.702752,0.182281,-0.687685,0.437665,0.651295,0.61989,0.560881,-0.736605,0.377921,1.0
34,0.857936,-0.34262,0.382825,0.132674,0.86763,0.47918,-0.496328,-0.360316,0.789829,0.7008,0.188042,-0.688127,0.430587,0.657579,0.618211,0.568747,-0.729541,0.379863,1.0
35,0.86014,-0.349285,0.371697,0.142535,0.864304,0.48235,-0.489737,-0.361909,0.793208,0.700085,0.195928,-0.686653,0.418241,0.666888,0.616711,0.578752,-0.718937,0.384933,1.0
36,0.861186,-0.353089,0.365631,0.150141,0.863948,0.480678,-0.485608,-0.359057,0.797033,0.702253,0.194964,-0.68471,0.413227,0.67155,0.615031,0.579727,-0.714848,0.391033,1.0
37,0.873064,-0.348214,0.341329,0.161375,0.866908,0.471622,-0.460127,-0.356674,0.813059,0.708654,0.18946,-0.679642,0.406769,0.677363,0.612957,0.576496,-0.710832,0.402949,1.0
38,0.886661,-0.345451,0.307401,0.178014,0.868526,0.462572,-0.426782,-0.355423,0.831583,0.710871,0.184403,-0.678717,0.400228,0.687471,0.60597,0.578341,-0.702409,0.4149,1.0
39,0.890353,-0.346337,0.2955,0.184527,0.867891,0.46121,-0.416196,-0.356112,0.836638,0.712258,0.181504,-0.678043,0.396893,0.692594,0.602319,0.578933,-0.698118,0.421268,1.0
40,0.897142,-0.351315,0.267793,0.199213,0.862841,0.464563,-0.394271,-0.363432,0.844077,0.717092,0.167907,-0.676451,0.398076,0.698006,0.59525,0.572113,-0.696128,0.433694,1.0
41,0.908845,-0.346042,0.232922,0.21018,0.862223,0.460862,-0.360309,-0.369897,0.85636,0.721152,0.155705,-0.675051,0.39955,0.702548,0.588884,0.565949,-0.694392,0.444432,1.0
42,0.914091,-0.343469,0.215555,0.218215,0.864688,0.452433,-0.341785,-0.366528,0.865354,0.723815,0.147912,-0.673953,0.400818,0.704918,0.585179,0.561637,-0.693694,0.450945,1.0
43,0.918783,-0.33812,0.203742,0.218252,0.865147,0.451537,-0.328941,-0.370397,0.868678,0.724113,0.146975,-0.673838,0.401303,0.704811,0.584975,0.560906,-0.694002,0.451381,1.0
44,0.93,-0.32258,0.176182,0.214501,0.865565,0.452533,-0.298475,-0.383065,0.874169,0.724357,0.145738,-0.673844,0.402243,0.704458,0.584755,0.559916,-0.694621,0.451657,1.0
45,0.936382,-0.311056,0.162576,0.212487,0.871085,0.442786,-0.279349,-0.380072,0.881764,0.72544,0.146291,-0.672558,0.401582,0.703627,0.586207,0.558987,-0.695346,0.451692,1.0
46,0.938803,-0.307865,0.154485,0.214068,0.872841,0.438545,-0.269854,-0.378638,0.885331,0.725294,0.146249,-0.672724,0.401747,0.703617,0.586107,0.559058,-0.695365,0.451574,1.0
47,0.950626,-0.283114,0.127105,0.202566,0.876358,0.436993,-0.235108,-0.38967,0.890438,0.725811,0.143507,-0.672757,0.402107,0.704994,0.584201,0.558127,-0.694541,0.453988,1.0
48,0.953625,-0.274751,0.122928,0.197312,0.879031,0.434018,-0.227305,-0.389635,0.892478,0.727126,0.144261,-0.671174,0.400774,0.704574,0.585624,0.557375,-0.694812,0.454498,1.0
49,0.963673,-0.247992,0.099161,0.18152,0.880484,0.437946,-0.195917,-0.404037,0.893515,0.726251,0.14388,-0.672203,0.401675,0.704733,0.584814,0.557867,-0.694729,0.45402,1.0
50,0.970491,-0.226737,0.082077,0.169402,0.883312,0.437106,-0.171607,-0.410303,0.895657,0.725275,0.143423,-0.673353,0.402769,0.704824,0.583952,0.558348,-0.694731,0.453425,1.0
51,0.974108,-0.213803,0.073482,0.161784,0.886266,0.434002,-0.157916,-0.410877,0.897909,0.723639,0.142637,-0.675277,0.404528,0.705075,0.58243,0.559198,-0.694638,0.452519,1.0
52,0.982822,-0.18059,0.038019,0.146434,0.888493,0.434897,-0.112318,-0.421859,0.899676,0.72821,0.144565,-0.669932,0.400048,0.704031,0.586771,0.55648,-0.695298,0.45485,1.0
53,0.986961,-0.159222,0.023541,0.133273,0.890445,0.435138,-0.090246,-0.426327,0.900055,0.729665,0.14515,-0.66822,0.398693,0.703613,0.588193,0.555546,-0.695599,0.455532,1.0
54,0.990581,-0.136521,0.010473,0.119579,0.899838,0.419514,-0.066697,-0.41431,0.907688,0.728645,0.144575,-0.669457,0.399887,0.703747,0.587222,0.556026,-0.695584,0.454968,1.0
55,0.994577,-0.102085,-0.019829,0.101271,0.907435,0.407805,-0.023637,-0.407602,0.912853,0.726617,0.143525,-0.671883,0.401877,0.704393,0.585085,0.557244,-0.695147,0.454145,1.0
56,0.996895,-0.062934,-0.047298,0.076678,0.912329,0.402212,0.017838,-0.40459,0.914323,0.724778,0.142585,-0.674066,0.403827,0.704767,0.583288,0.558228,-0.694961,0.453221,1.0
57,0.996825,-0.053125,-0.059304,0.072548,0.912916,0.401646,0.032802,-0.404673,0.913872,0.724033,0.142207,-0.674945,0.404662,0.704856,0.582602,0.55859,-0.694949,0.452793,1.0
58,0.996971,-0.031954,-0.070896,0.057703,0.915147,0.398969,0.052132,-0.401852,0.914219,0.727019,0.143469,-0.67146,0.402145,0.70367,0.585771,0.556527,-0.695891,0.453886,1.0
59,0.995327,-0.012352,-0.095763,0.049829,0.91522,0.399861,0.082705,-0.402764,0.911559,0.735989,0.141884,-0.661958,0.395853,0.703024,0.59081,0.5492,-0.696868,0.461253,1.0
60,0.993828,-0.004928,-0.110816,0.048797,0.916578,0.396867,0.099615,-0.399825,0.911161,0.739382,0.139568,-0.65866,0.39434,0.703156,0.591664,0.545718,-0.697202,0.464864,1.0
61,0.990693,0.014439,-0.135342,0.038878,0.92291,0.383045,0.130439,-0.384742,0.91376,0.743346,0.131971,-0.655758,0.391609,0.708914,0.586585,0.542288,-0.692837,0.475287,1.0
62,0.986541,0.038332,-0.158951,0.024767,0.925882,0.377,0.161621,-0.375862,0.912471,0.748542,0.120323,-0.652078,0.392734,0.711904,0.582195,0.534269,-0.691891,0.485635,1.0
63,0.984839,0.048182,-0.166638,0.018075,0.926914,0.374835,0.172519,-0.372165,0.911992,0.746948,0.109788,-0.655755,0.398683,0.715334,0.573888,0.53209,-0.690103,0.490547,1.0
64,0.984449,0.048502,-0.168838,0.01866,0.926817,0.375048,0.174672,-0.372366,0.9115,0.747189,0.11385,-0.654786,0.394356,0.717086,0.574691,0.534967,-0.687622,0.490902,1.0
65,0.98178,0.058465,-0.180799,0.013253,0.928103,0.372087,0.189554,-0.367704,0.910418,0.746868,0.118982,-0.65424,0.390449,0.717936,0.576295,0.538271,-0.685864,0.489747,1.0
66,0.980045,0.06976,-0.186126,0.001471,0.933819,0.35774,0.198763,-0.350875,0.915083,0.747951,0.124545,-0.651964,0.38499,0.718731,0.578971,0.540694,-0.684042,0.489627,1.0
67,0.978095,0.077824,-0.193061,-0.005741,0.937211,0.348714,0.208077,-0.339967,0.917129,0.746856,0.129017,-0.652349,0.381273,0.720658,0.579036,0.544826,-0.68118,0.489037,1.0
68,0.974643,0.088737,-0.205414,-0.014359,0.940916,0.338335,0.2233,-0.326807,0.918332,0.747565,0.126458,-0.652038,0.381981,0.721253,0.577825,0.543356,-0.681029,0.490879,1.0
69,0.973105,0.096181,-0.209317,-0.022033,0.943359,0.331041,0.229301,-0.317526,0.920107,0.749101,0.127247,-0.650119,0.380468,0.720738,0.579464,0.542301,-0.681427,0.491492,1.0
70,0.973871,0.098094,-0.204822,-0.024592,0.942148,0.334293,0.225764,-0.320521,0.919943,0.749248,0.132296,-0.64894,0.375231,0.722611,0.580546,0.545736,-0.678476,0.491774,1.0
71,0.973546,0.09959,-0.205639,-0.026054,0.942526,0.333115,0.226995,-0.318945,0.920188,0.747916,0.136638,-0.649576,0.371514,0.724791,0.580218,0.550088,-0.675282,0.49132,1.0
72,0.971518,0.109346,-0.210228,-0.037563,0.947015,0.318985,0.233969,-0.302002,0.924149,0.746792,0.146094,-0.648811,0.362513,0.72848,0.581291,0.55757,-0.669307,0.491063,1.0
73,0.970703,0.11556,-0.210664,-0.044846,0.948479,0.313647,0.236055,-0.295011,0.925875,0.747577,0.148365,-0.647391,0.35769,0.731367,0.580654,0.559629,-0.665649,0.493684,1.0
74,0.97071,0.115497,-0.210668,-0.044781,0.94848,0.313655,0.236041,-0.295034,0.925871,0.747245,0.148315,-0.647785,0.358075,0.731308,0.580491,0.559827,-0.665726,0.493358,1.0
75,0.971081,0.116961,-0.208134,-0.047015,0.948392,0.313594,0.23407,-0.29474,0.926465,0.745658,0.15258,-0.648623,0.354448,0.733454,0.580008,0.564234,-0.662391,0.492824,1.0
76,0.971624,0.119793,-0.203948,-0.050859,0.947903,0.314472,0.230995,-0.295176,0.927098,0.745755,0.15769,-0.647288,0.349089,0.735033,0.581259,0.567437,-0.659438,0.493106,1.0
77,0.972411,0.121255,-0.19928,-0.053679,0.947672,0.314698,0.22701,-0.295318,0.928037,0.744899,0.167444,-0.645823,0.339321,0.738368,0.582815,0.574444,-0.65328,0.493192,1.0
78,0.973037,0.121812,-0.195857,-0.055295,0.947598,0.314642,0.223921,-0.295328,0.928784,0.746882,0.1737,-0.641867,0.332135,0.738791,0.586406,0.576065,-0.651164,0.494099,1.0
79,0.97431,0.122592,-0.188918,-0.058327,0.947596,0.3141,0.217524,-0.295012,0.930403,0.757245,0.17333,-0.62971,0.323906,0.737563,0.592523,0.567153,-0.652653,0.502374,1.0
80,0.976176,0.118277,-0.181909,-0.054498,0.945142,0.322082,0.210024,-0.304495,0.92907,0.765132,0.169572,-0.621141,0.318927,0.738226,0.594396,0.559336,-0.652891,0.51076,1.0
81,0.97625,0.117997,-0.181691,-0.054332,0.945207,0.321917,0.209721,-0.304399,0.92917,0.769613,0.167576,-0.616127,0.316255,0.738225,0.595824,0.554686,-0.653407,0.515151,1.0
82,0.976371,0.119024,-0.180367,-0.055813,0.94522,0.321625,0.208768,-0.303959,0.929529,0.767792,0.171742,-0.617251,0.309808,0.743765,0.59231,0.560815,-0.646,0.51785,1.0
83,0.976898,0.118807,-0.177634,-0.056092,0.944627,0.323316,0.20621,-0.305883,0.929469,0.758316,0.188347,-0.624083,0.30048,0.748592,0.591033,0.578504,-0.635715,0.511075,1.0
84,0.977004,0.119667,-0.176472,-0.05732,0.944594,0.323196,0.20537,-0.305648,0.929732,0.756708,0.190577,-0.625357,0.300724,0.747884,0.591805,0.580479,-0.635884,0.508619,1.0
85,0.977512,0.119632,-0.173659,-0.057786,0.943946,0.325002,0.202805,-0.307659,0.929632,0.754196,0.19492,-0.627051,0.300907,0.746172,0.593869,0.583645,-0.636578,0.504107,1.0
86,0.977951,0.118983,-0.17162,-0.057545,0.943534,0.326237,0.200746,-0.309168,0.929577,0.75355,0.198112,-0.626827,0.297445,0.747573,0.593852,0.586248,-0.633945,0.504406,1.0
87,0.978111,0.120418,-0.169696,-0.059604,0.943501,0.325963,0.19936,-0.308714,0.930027,0.751608,0.198547,-0.629017,0.297361,0.749227,0.591805,0.588778,-0.631851,0.504085,1.0
88,0.978218,0.12131,-0.16844,-0.060805,0.943326,0.32625,0.198471,-0.308902,0.930155,0.749988,0.197574,-0.631254,0.298795,0.750232,0.589807,0.590117,-0.630964,0.503631,1.0
89,0.978556,0.122491,-0.165602,-0.062492,0.942622,0.32796,0.196272,-0.310578,0.930063,0.746838,0.195712,-0.635554,0.301691,0.751988,0.586084,0.592633,-0.629452,0.502569,1.0
90,0.979331,0.122776,-0.160731,-0.064089,0.942103,0.329142,0.191836,-0.312038,0.9305,0.743762,0.204556,-0.636376,0.293676,0.755226,0.585992,0.600476,-0.622727,0.501635,1.0
91,0.980227,0.123278,-0.154779,-0.066681,0.942254,0.328193,0.1863,-0.311383,0.931843,0.743506,0.20437,-0.636734,0.294287,0.755009,0.585967,0.600494,-0.623052,0.50121,1.0
92,0.98163,0.120287,-0.148099,-0.06548,0.941476,0.330658,0.179205,-0.314887,0.932057,0.742184,0.208944,-0.636792,0.290365,0.756101,0.586514,0.604028,-0.620204,0.500496,1.0
93,0.98275,0.117088,-0.143148,-0.06335,0.940352,0.33425,0.173746,-0.319416,0.931549,0.744625,0.204247,-0.635464,0.290302,0.758177,0.583859,0.601046,-0.619233,0.505265,1.0
94,0.985021,0.111704,-0.131358,-0.062595,0.941472,0.331226,0.160669,-0.318043,0.934362,0.744374,0.205926,-0.635216,0.286378,0.760894,0.582259,0.603235,-0.615332,0.507418,1.0
95,0.984985,0.111199,-0.13205,-0.062002,0.941745,0.33056,0.161115,-0.31741,0.934501,0.745091,0.203635,-0.635114,0.286797,0.761895,0.580743,0.60215,-0.614856,0.509279,1.0
96,0.985338,0.110474,-0.130016,-0.061699,0.941207,0.332147,0.159065,-0.319255,0.934223,0.744536,0.203432,-0.63583,0.287589,0.761789,0.58049,0.602459,-0.615054,0.508675,1.0
97,0.985437,0.111736,-0.128167,-0.063518,0.941108,0.332086,0.157724,-0.319109,0.9345,0.744031,0.203073,-0.636535,0.288183,0.76198,0.579944,0.602799,-0.614935,0.508415,1.0
98,0.985456,0.112097,-0.127715,-0.064019,0.941093,0.332032,0.157412,-0.319027,0.934582,0.742112,0.207217,-0.63744,0.284311,0.763904,0.579324,0.60699,-0.611155,0.507989,1.0
99,0.985533,0.113713,-0.125669,-0.066151,0.940779,0.332502,0.156036,-0.319378,0.934691,0.74156,0.209074,-0.637476,0.279727,0.767307,0.577054,0.609787,-0.606239,0.510521,1.0
100,0.986337,0.110051,-0.122586,-0.063415,0.940428,0.334025,0.152043,-0.321687,0.934558,0.748145,0.204063,-0.631375,0.276267,0.769339,0.576014,0.603285,-0.605371,0.519202,1.0
101,0.98638,0.111351,-0.121058,-0.065137,0.94027,0.334139,0.151033,-0.321703,0.934716,0.75084,0.19665,-0.630529,0.273396,0.776486,0.567735,0.601242,-0.598662,0.529254,1.0
102,0.987113,0.106448,-0.11948,-0.060899,0.940368,0.334661,0.147979,-0.323072,0.934733,0.747777,0.211892,-0.629229,0.250847,0.787304,0.563229,0.614739,-0.57901,0.535576,1.0
103,0.987189,0.10807,-0.11738,-0.063131,0.940209,0.334693,0.146532,-0.322995,0.934987,0.751442,0.212822,-0.624532,0.22482,0.807315,0.545615,0.620314,-0.550406,0.558804,1.0
104,0.987904,0.103495,-0.11547,-0.059359,0.940352,0.334982,0.143251,-0.324076,0.935122,0.788081,0.133402,-0.600941,0.254893,0.817891,0.515831,0.560318,-0.559693,0.610562,1.0
105,0.987911,0.10404,-0.114916,-0.060031,0.940239,0.335179,0.14292,-0.324228,0.935119,0.817264,0.093902,-0.56856,0.257304,0.823358,0.50584,0.515628,-0.559698,0.64874,1.0
106,0.98792,0.104949,-0.114012,-0.061164,0.940095,0.335378,0.14238,-0.324354,0.935158,0.868621,0.047307,-0.493211,0.227944,0.845682,0.482558,0.439929,-0.531585,0.723794,1.0
107,0.988279,0.099766,-0.115546,-0.05559,0.940124,0.336268,0.142175,-0.325904,0.93465,0.915593,0.00448,-0.402078,0.194461,0.870295,0.452515,0.351954,-0.492509,0.795965,1.0
108,0.988298,0.100676,-0.114583,-0.056731,0.939954,0.336552,0.141585,-0.326114,0.934667,0.947159,-0.009997,-0.320605,0.154468,0.890199,0.428584,0.281118,-0.455461,0.844705,1.0
109,0.988299,0.100902,-0.114385,-0.057013,0.939939,0.336547,0.141473,-0.326088,0.934693,0.952026,-0.036976,-0.303772,0.168564,0.891863,0.41972,0.255403,-0.45079,0.85531,1.0
110,0.987999,0.101403,-0.116506,-0.056706,0.939772,0.337064,0.143668,-0.326413,0.934244,0.956282,-0.127398,-0.263235,0.232839,0.876305,0.421752,0.176944,-0.464605,0.867658,1.0
111,0.987353,0.101937,-0.121413,-0.055335,0.939293,0.338623,0.148561,-0.327622,0.933055,0.965026,-0.15853,-0.208787,0.234821,0.876805,0.419608,0.116546,-0.45396,0.883366,1.0
112,0.987002,0.101902,-0.124265,-0.054217,0.939062,0.339443,0.151282,-0.328294,0.932381,0.972807,-0.161625,-0.165898,0.217461,0.883908,0.414024,0.079723,-0.438842,0.89502,1.0
113,0.986987,0.101925,-0.124363,-0.054182,0.939012,0.339586,0.151391,-0.328429,0.932316,0.97313,-0.222705,-0.058475,0.227029,0.885686,0.404991,-0.038403,-0.407385,0.912448,1.0
114,0.986607,0.101546,-0.127647,-0.052595,0.938828,0.340345,0.154399,-0.329073,0.931596,0.967662,-0.252115,-0.008182,0.236041,0.893571,0.381856,-0.088961,-0.371439,0.924185,1.0
115,0.985851,0.101218,-0.133605,-0.049969,0.938317,0.342147,0.159995,-0.33063,0.930099,0.970067,-0.236507,0.05508,0.199866,0.906431,0.372071,-0.137924,-0.349925,0.926568,1.0
116,0.985841,0.101239,-0.13367,-0.049919,0.938219,0.34242,0.160078,-0.330899,0.929989,0.964537,-0.246767,0.093661,0.196884,0.908995,0.367374,-0.175793,-0.335906,0.925344,1.0
117,0.984622,0.104841,-0.139739,-0.052245,0.940007,0.33713,0.1667,-0.324645,0.931029,0.959995,-0.246012,0.133737,0.187698,0.919785,0.344623,-0.20779,-0.305735,0.929165,1.0
118,0.983529,0.108131,-0.144834,-0.054349,0.941152,0.333582,0.172382,-0.320216,0.931528,0.953945,-0.232411,0.189666,0.159029,0.92791,0.337182,-0.254358,-0.291491,0.922135,1.0
119,0.983216,0.109588,-0.145859,-0.055734,0.941692,0.331828,0.173718,-0.31813,0.931995,0.946573,-0.237762,0.217868,0.155174,0.928046,0.338601,-0.282698,-0.286703,0.915359,1.0
120,0.981947,0.113066,-0.151639,-0.058016,0.94307,0.327493,0.180034,-0.312783,0.932605,0.938205,-0.244287,0.24514,0.156209,0.930997,0.329911,-0.308818,-0.271231,0.911627,1.0
121,0.980858,0.116419,-0.156085,-0.060417,0.94398,0.324422,0.185111,-0.308782,0.932945,0.929872,-0.238767,0.279872,0.143984,0.936282,0.320382,-0.338535,-0.257617,0.905001,1.0
122,0.980776,0.116967,-0.156193,-0.060886,0.943909,0.324542,0.185393,-0.308793,0.932886,0.923609,-0.238625,0.300005,0.140119,0.938621,0.315207,-0.356807,-0.249092,0.900356,1.0
123,0.980468,0.118964,-0.156615,-0.062806,0.944011,0.323878,0.186376,-0.307715,0.933045,0.901222,-0.275282,0.334688,0.17503,0.937746,0.299991,-0.396435,-0.211778,0.893301,1.0
124,0.979475,0.123586,-0.159226,-0.067493,0.945465,0.318653,0.189924,-0.301366,0.934401,0.86155,-0.336215,0.380381,0.229291,0.926193,0.299316,-0.452941,-0.170658,0.875053,1.0
125,0.979138,0.125276,-0.159979,-0.069101,0.945693,0.31763,0.191082,-0.299949,0.934621,0.823016,-0.394962,0.408228,0.289677,0.910051,0.296469,-0.488602,-0.125745,0.863398,1.0
126,0.979148,0.125312,-0.159889,-0.069039,0.945493,0.318238,0.191053,-0.300564,0.93443,0.824025,-0.384528,0.416077,0.283799,0.915774,0.284281,-0.490347,-0.116172,0.863749,1.0
127,0.97916,0.125028,-0.160037,-0.068617,0.945358,0.318731,0.191143,-0.301108,0.934236,0.825181,-0.370436,0.426442,0.278055,0.923521,0.264185,-0.491692,-0.099426,0.865074,1.0
128,0.979211,0.125025,-0.159727,-0.068651,0.945256,0.319026,0.190869,-0.301428,0.934189,0.829192,-0.3655,0.422905,0.272298,0.924876,0.265437,-0.488152,-0.104942,0.866425,1.0
129,0.979242,0.125204,-0.159399,-0.068832,0.945088,0.319484,0.190647,-0.30188,0.934088,0.830541,-0.361699,0.423526,0.269444,0.926456,0.262827,-0.487442,-0.104172,0.866918,1.0
130,0.979676,0.124765,-0.15706,-0.069231,0.945214,0.319024,0.188258,-0.301667,0.934641,0.829309,-0.357747,0.429257,0.264897,0.928084,0.261703,-0.49201,-0.103324,0.864435,1.0
131,0.979696,0.124398,-0.157228,-0.068826,0.945244,0.319022,0.188304,-0.301724,0.934614,0.826045,-0.360866,0.432925,0.270249,0.927683,0.257621,-0.494583,-0.095809,0.863832,1.0
132,0.979682,0.123982,-0.157638,-0.068238,0.94519,0.319309,0.188586,-0.302065,0.934447,0.819192,-0.360875,0.445748,0.274447,0.929117,0.24783,-0.503588,-0.080686,0.860167,1.0
133,0.979669,0.123734,-0.157913,-0.067888,0.945173,0.319435,0.18878,-0.30222,0.934357,0.8169,-0.361736,0.449243,0.275588,0.929018,0.24693,-0.506678,-0.077911,0.858606,1.0
134,0.979625,0.123086,-0.158691,-0.06698,0.945173,0.319626,0.189332,-0.302485,0.93416,0.816358,-0.358565,0.452758,0.275842,0.93081,0.239797,-0.507415,-0.07087,0.858782,1.0
135,0.979205,0.123556,-0.160902,-0.067193,0.945895,0.317438,0.191417,-0.300025,0.934528,0.815365,-0.356899,0.455851,0.277808,0.932004,0.232785,-0.507936,-0.063166,0.859074,1.0
136,0.979129,0.122686,-0.162025,-0.065956,0.945906,0.317665,0.192233,-0.300349,0.934257,0.812508,-0.358131,0.459969,0.280433,0.931865,0.230182,-0.511064,-0.058034,0.85758,1.0
137,0.978435,0.122733,-0.166135,-0.064789,0.94609,0.317356,0.196129,-0.299749,0.933639,0.813338,-0.354092,0.461626,0.278027,0.933552,0.22623,-0.511058,-0.055657,0.857741,1.0
138,0.977072,0.124767,-0.172514,-0.065552,0.947225,0.313794,0.20256,-0.295291,0.933687,0.814615,-0.351233,0.461558,0.275575,0.934613,0.224846,-0.510352,-0.055969,0.858141,1.0
139,0.97687,0.124303,-0.173988,-0.064468,0.947023,0.314626,0.20388,-0.296132,0.933133,0.8127,-0.353938,0.462866,0.281007,0.933965,0.22078,-0.510443,-0.049359,0.858493,1.0
140,0.976847,0.124266,-0.174144,-0.064186,0.946741,0.315534,0.20408,-0.297051,0.932797,0.819055,-0.3469,0.456955,0.277425,0.936655,0.213803,-0.502177,-0.048346,0.863411,1.0
141,0.975949,0.127359,-0.176922,-0.067004,0.947554,0.312492,0.207442,-0.293122,0.933298,0.822501,-0.342462,0.454103,0.272756,0.938107,0.213441,-0.499093,-0.051696,0.865003,1.0
142,0.974148,0.133639,-0.182136,-0.07321,0.949495,0.305119,0.213713,-0.283898,0.934734,0.821696,-0.343737,0.454597,0.274697,0.937746,0.212539,-0.499354,-0.049766,0.864966,1.0
143,0.973423,0.136306,-0.184027,-0.075793,0.950044,0.302772,0.216104,-0.280778,0.935126,0.821648,-0.345118,0.453637,0.278607,0.937479,0.20859,-0.497263,-0.045001,0.866431,1.0
144,0.972786,0.138187,-0.185983,-0.077158,0.950072,0.302337,0.218477,-0.279759,0.93488,0.823835,-0.347277,0.447987,0.281944,0.936694,0.207632,-0.491733,-0.044747,0.869594,1.0
145,0.972725,0.138311,-0.186213,-0.076782,0.949517,0.304174,0.218883,-0.281579,0.934239,0.82384,-0.347604,0.447724,0.282261,0.93657,0.207757,-0.491543,-0.044784,0.8697,1.0
146,0.971549,0.142419,-0.189229,-0.08096,0.950573,0.299758,0.222567,-0.27591,0.935059,0.823808,-0.348899,0.446777,0.283426,0.936076,0.208397,-0.490927,-0.045051,0.870035,1.0
147,0.970492,0.144139,-0.19331,-0.081695,0.950807,0.298815,0.226871,-0.274206,0.934526,0.825767,-0.350399,0.441959,0.284214,0.935356,0.210548,-0.487165,-0.048253,0.871975,1.0
148,0.970087,0.146327,-0.193698,-0.083826,0.950749,0.29841,0.227823,-0.273246,0.934576,0.825679,-0.352508,0.440444,0.286199,0.934549,0.21144,-0.486151,-0.048526,0.872525,1.0
149,0.969093,0.147904,-0.197437,-0.084355,0.950769,0.298197,0.231822,-0.272326,0.93386,0.824853,-0.353214,0.441426,0.287857,0.934411,0.209792,-0.486575,-0.04598,0.872427,1.0
150,0.968477,0.150081,-0.198812,-0.086886,0.951524,0.295044,0.233455,-0.26847,0.93457,0.824812,-0.354129,0.440768,0.28859,0.934047,0.210408,-0.486209,-0.046346,0.872611,1.0
151,0.967502,0.15444,-0.200216,-0.091844,0.952364,0.290805,0.23559,-0.262966,0.935599,0.824661,-0.357113,0.438639,0.291263,0.932878,0.211905,-0.48487,-0.04699,0.873322,1.0
152,0.967504,0.154135,-0.200444,-0.091431,0.952343,0.291002,0.235745,-0.263218,0.935489,0.82583,-0.358526,0.435272,0.293326,0.932339,0.211431,-0.481624,-0.046929,0.875119,1.0
153,0.967557,0.154217,-0.200122,-0.091589,0.952313,0.291051,0.235463,-0.26328,0.935542,0.826566,-0.358845,0.43361,0.29238,0.932051,0.213996,-0.480938,-0.050103,0.875321,1.0
154,0.967585,0.154365,-0.199871,-0.091797,0.952285,0.291078,0.235266,-0.263295,0.935588,0.827748,-0.359717,0.430622,0.294,0.931728,0.21318,-0.477907,-0.049857,0.876993,1.0
155,0.96764,0.154698,-0.19935,-0.092279,0.952251,0.291037,0.234854,-0.263223,0.935711,0.828901,-0.360183,0.428007,0.295111,0.931554,0.212405,-0.475216,-0.049753,0.87846,1.0
156,0.967674,0.155109,-0.198864,-0.092766,0.952139,0.291246,0.234521,-0.263383,0.93575,0.828817,-0.360985,0.427494,0.295673,0.931217,0.213097,-0.475014,-0.05022,0.878543,1.0
157,0.968681,0.149725,-0.198086,-0.08757,0.952489,0.291712,0.232351,-0.26523,0.935769,0.828743,-0.362041,0.426743,0.296557,0.930788,0.213743,-0.474592,-0.050585,0.87875,1.0
158,0.969281,0.146075,-0.197875,-0.084443,0.953269,0.29008,0.231001,-0.26446,0.936321,0.827843,-0.363595,0.427167,0.299016,0.930315,0.212373,-0.474618,-0.048081,0.878876,1.0
159,0.969341,0.146681,-0.197131,-0.085192,0.953136,0.290299,0.230474,-0.264605,0.93641,0.829006,-0.364034,0.424531,0.299935,0.930131,0.211884,-0.472002,-0.048321,0.880271,1.0
160,0.969359,0.146782,-0.196967,-0.085374,0.953164,0.290152,0.230331,-0.264446,0.93649,0.829754,-0.364228,0.4229,0.298936,0.929887,0.214348,-0.471321,-0.051436,0.880459,1.0
161,0.969367,0.146536,-0.197114,-0.085252,0.953376,0.289492,0.230344,-0.26382,0.936664,0.829956,-0.365216,0.421651,0.299663,0.929454,0.215213,-0.470504,-0.052264,0.880847,1.0
162,0.969438,0.146588,-0.196726,-0.085697,0.953688,0.28833,0.229881,-0.262659,0.937104,0.834324,-0.360894,0.416722,0.296541,0.931052,0.212611,-0.464721,-0.053811,0.88382,1.0
163,0.969557,0.147073,-0.195772,-0.086862,0.954108,0.286587,0.228936,-0.260858,0.937838,0.836003,-0.360372,0.413799,0.293695,0.930867,0.217322,-0.463509,-0.060151,0.884047,1.0
164,0.969617,0.147307,-0.195302,-0.08741,0.95429,0.285813,0.228477,-0.260058,0.938172,0.836672,-0.360154,0.412636,0.292579,0.930787,0.219163,-0.463008,-0.062639,0.884137,1.0
165,0.970646,0.142102,-0.194037,-0.082838,0.954949,0.28497,0.22579,-0.260532,0.93869,0.841564,-0.3557,0.406503,0.291003,0.932577,0.213578,-0.455066,-0.061446,0.888334,1.0
166,0.971639,0.136803,-0.192879,-0.078014,0.955445,0.284672,0.223229,-0.261551,0.93902,0.842176,-0.355545,0.40537,0.289748,0.932441,0.215868,-0.454734,-0.064343,0.888299,1.0
167,0.971689,0.137045,-0.192452,-0.078423,0.95548,0.28444,0.222865,-0.261295,0.939178,0.84232,-0.355411,0.405189,0.289502,0.932467,0.216085,-0.454624,-0.06471,0.888328,1.0
168,0.971737,0.137301,-0.192027,-0.07887,0.955542,0.284108,0.222498,-0.260933,0.939365,0.841553,-0.355599,0.406615,0.290771,0.9326,0.213794,-0.455234,-0.061688,0.888231,1.0
169,0.972659,0.131876,-0.191158,-0.07372,0.955884,0.284341,0.220222,-0.262475,0.939472,0.841805,-0.356815,0.405026,0.293591,0.93232,0.211146,-0.452954,-0.058832,0.88959,1.0
170,0.973208,0.131964,-0.188279,-0.074915,0.956199,0.282967,0.217374,-0.261282,0.940467,0.842576,-0.356709,0.403513,0.292286,0.932147,0.213703,-0.452364,-0.062119,0.889666,1.0
171,0.97322,0.131995,-0.188199,-0.075003,0.956238,0.282813,0.217292,-0.261124,0.94053,0.842581,-0.356584,0.403613,0.292184,0.932199,0.213616,-0.45242,-0.062059,0.889642,1.0
172,0.973252,0.131903,-0.188096,-0.074989,0.956302,0.282599,0.217153,-0.260935,0.940615,0.842565,-0.35678,0.403473,0.292399,0.932126,0.213643,-0.452311,-0.062033,0.889699,1.0
173,0.973293,0.131594,-0.188104,-0.074877,0.956559,0.281759,0.21701,-0.260149,0.940865,0.843246,-0.357787,0.401152,0.292292,0.931521,0.216408,-0.45111,-0.065232,0.89008,1.0
174,0.973349,0.132058,-0.187484,-0.075494,0.9565,0.281792,0.216541,-0.260128,0.940979,0.843217,-0.358021,0.401005,0.292535,0.931433,0.21646,-0.451007,-0.065214,0.890134,1.0
175,0.973351,0.131688,-0.187732,-0.075206,0.956706,0.28117,0.216631,-0.259559,0.941115,0.843555,-0.358463,0.399897,0.294728,0.93148,0.21326,-0.448942,-0.062036,0.891404,1.0
176,0.97342,0.131774,-0.187316,-0.075624,0.956954,0.280211,0.216177,-0.258597,0.941485,0.843474,-0.359261,0.399351,0.295441,0.931158,0.213676,-0.448624,-0.062245,0.891549,1.0
177,0.973511,0.132584,-0.186267,-0.076684,0.956845,0.280298,0.215392,-0.258589,0.941667,0.843448,-0.359612,0.399091,0.29581,0.931024,0.213753,-0.448431,-0.062235,0.891647,1.0
178,0.973494,0.132342,-0.186531,-0.076411,0.956913,0.28014,0.215567,-0.258462,0.941661,0.843457,-0.359509,0.399164,0.295723,0.931066,0.213688,-0.448471,-0.062195,0.89163,1.0
179,0.973482,0.132143,-0.186734,-0.076193,0.956972,0.279999,0.215698,-0.258346,0.941663,0.845328,-0.359317,0.395362,0.295243,0.930958,0.214822,-0.445254,-0.064867,0.893051,1.0
180,0.973503,0.132316,-0.186504,-0.076369,0.956886,0.280244,0.215543,-0.258575,0.941636,0.845269,-0.359825,0.395024,0.295795,0.930767,0.214888,-0.444998,-0.064792,0.893184,1.0
181,0.973504,0.132414,-0.18643,-0.076449,0.956835,0.280396,0.21551,-0.258714,0.941605,0.845276,-0.359706,0.395118,0.295648,0.930809,0.214906,-0.445083,-0.064839,0.893138,1.0
182,0.97351,0.132704,-0.186189,-0.076764,0.956763,0.280554,0.215369,-0.25883,0.941606,0.8474,-0.35518,0.394663,0.290748,0.932372,0.214816,-0.444271,-0.067287,0.893361,1.0
183,0.973544,0.13347,-0.185465,-0.077611,0.956566,0.280992,0.214914,-0.259164,0.941618,0.848586,-0.355709,0.391627,0.291931,0.932165,0.214109,-0.441222,-0.067362,0.894865,1.0
184,0.973549,0.133796,-0.185203,-0.078,0.95653,0.281007,0.21475,-0.259128,0.941665,0.848581,-0.355575,0.391759,0.291769,0.932214,0.214117,-0.441338,-0.067392,0.894806,1.0
185,0.973574,0.133992,-0.184927,-0.078272,0.956514,0.280986,0.214535,-0.259086,0.941726,0.849664,-0.355681,0.389308,0.292604,0.932193,0.213065,-0.438694,-0.06712,0.896125,1.0
186,0.973619,0.134534,-0.184297,-0.078942,0.956417,0.281129,0.214086,-0.259164,0.941806,0.849623,-0.356002,0.389105,0.292952,0.932074,0.213109,-0.438542,-0.067073,0.896204,1.0
187,0.973629,0.134816,-0.18404,-0.079269,0.956365,0.281213,0.213921,-0.259208,0.941832,0.84962,-0.356008,0.389104,0.292946,0.93207,0.213134,-0.43855,-0.067096,0.896198,1.0
188,0.973658,0.135101,-0.183676,-0.079624,0.956304,0.281321,0.213656,-0.259285,0.941871,0.84962,-0.355992,0.389119,0.292885,0.93207,0.213221,-0.438591,-0.067189,0.89617,1.0
189,0.973727,0.135972,-0.182664,-0.080643,0.956077,0.281804,0.212958,-0.25967,0.941923,0.849593,-0.356313,0.388885,0.293206,0.931945,0.213325,-0.43843,-0.067216,0.896248,1.0
190,0.97372,0.135991,-0.182689,-0.080656,0.956076,0.281801,0.212987,-0.25966,0.941919,0.849537,-0.356968,0.388404,0.293859,0.93169,0.213538,-0.438099,-0.067272,0.896405,1.0
191,0.973757,0.136062,-0.182437,-0.080865,0.956152,0.281484,0.212737,-0.259344,0.942063,0.852892,-0.351841,0.385723,0.288997,0.933459,0.212449,-0.434805,-0.069723,0.897821,1.0
192,0.973781,0.136163,-0.182234,-0.081052,0.95618,0.281336,0.212556,-0.25919,0.942146,0.853966,-0.351803,0.383374,0.28969,0.933496,0.211338,-0.432228,-0.069415,0.899088,1.0
193,0.973792,0.136268,-0.182095,-0.081196,0.95617,0.281327,0.212449,-0.259169,0.942176,0.853914,-0.352229,0.3831,0.290092,0.933331,0.211517,-0.432061,-0.069483,0.899163,1.0
194,0.973801,0.136233,-0.182071,-0.081156,0.956158,0.281379,0.212422,-0.259232,0.942165,0.853914,-0.352186,0.383139,0.289971,0.933335,0.211665,-0.432142,-0.069645,0.899112,1.0
195,0.973825,0.136377,-0.181838,-0.081385,0.956172,0.281267,0.212227,-0.259106,0.942243,0.853919,-0.352084,0.383221,0.28977,0.933358,0.211837,-0.432266,-0.069846,0.899036,1.0
196,0.973881,0.137135,-0.180962,-0.082289,0.955994,0.281608,0.211617,-0.259362,0.94231,0.853891,-0.35238,0.383011,0.289942,0.933225,0.212189,-0.432206,-0.070136,0.899042,1.0
197,0.974773,0.131619,-0.180258,-0.076962,0.956299,0.282076,0.209507,-0.261087,0.942305,0.853877,-0.35255,0.382886,0.290118,0.93316,0.212232,-0.432117,-0.070138,0.899085,1.0
198,0.974785,0.131607,-0.180199,-0.077049,0.956403,0.281702,0.209417,-0.260715,0.942428,0.854174,-0.352627,0.382152,0.291366,0.933291,0.209933,-0.430687,-0.067973,0.899937,1.0
199,0.974813,0.131637,-0.180027,-0.077235,0.956532,0.281211,0.209219,-0.260223,0.942608,0.854175,-0.352985,0.381817,0.292146,0.933217,0.209177,-0.430154,-0.067128,0.900255,1.0
200,0.974798,0.131213,-0.180417,-0.076781,0.956658,0.280908,0.209456,-0.259976,0.942623,0.854923,-0.352716,0.38039,0.290926,0.933105,0.211366,-0.429496,-0.070036,0.900348,1.0
201,0.974838,0.131502,-0.179989,-0.077243,0.956704,0.280625,0.209098,-0.259661,0.94279,0.857633,-0.347926,0.378696,0.287359,0.934925,0.208178,-0.426483,-0.069719,0.901803,1.0
202,0.974852,0.131793,-0.179701,-0.077552,0.956608,0.280866,0.20892,-0.259867,0.942772,0.857471,-0.347839,0.379143,0.287303,0.934979,0.208017,-0.426847,-0.069439,0.901653,1.0
203,0.974823,0.13147,-0.180095,-0.07715,0.956667,0.280775,0.209204,-0.259812,0.942725,0.857438,-0.348343,0.378756,0.287692,0.934768,0.208424,-0.426652,-0.069746,0.901721,1.0
204,0.975263,0.13078,-0.178208,-0.076485,0.956054,0.283039,0.207392,-0.262407,0.942406,0.858469,-0.34855,0.37622,0.288621,0.934713,0.207383,-0.423942,-0.069447,0.903022,1.0
205,0.975276,0.130921,-0.178035,-0.076674,0.956043,0.283023,0.207262,-0.262375,0.942444,0.858496,-0.348194,0.376489,0.288262,0.934848,0.207276,-0.424132,-0.069419,0.902935,1.0
206,0.975272,0.13095,-0.178032,-0.076771,0.956126,0.282715,0.207242,-0.262056,0.942537,0.858461,-0.348598,0.376195,0.28863,0.934689,0.207481,-0.423953,-0.069533,0.90301,1.0
207,0.975323,0.131271,-0.177513,-0.077357,0.956254,0.282123,0.206782,-0.261429,0.942812,0.859196,-0.348317,0.374774,0.287396,0.93457,0.209717,-0.4233,-0.07248,0.903084,1.0
208,0.975699,0.129823,-0.176506,-0.075815,0.955839,0.28394,0.205573,-0.263659,0.942455,0.860546,-0.348488,0.371504,0.29003,0.93479,0.205055,-0.418738,-0.068712,0.905503,1.0
209,0.975687,0.129538,-0.176789,-0.075564,0.956002,0.28346,0.205729,-0.26321,0.942547,0.860545,-0.348269,0.371712,0.289711,0.934859,0.205195,-0.418962,-0.06889,0.905386,1.0
210,0.97608,0.129458,-0.174667,-0.075724,0.955519,0.28504,0.203798,-0.264996,0.942466,0.861284,-0.347949,0.370297,0.288369,0.934742,0.207604,-0.418368,-0.072024,0.905416,1.0
211,0.97658,0.127677,-0.173174,-0.073904,0.95498,0.287318,0.202062,-0.26779,0.94205,0.861303,-0.347594,0.370585,0.288069,0.934887,0.207365,-0.418535,-0.07185,0.905353,1.0
212,0.976578,0.127732,-0.173145,-0.073997,0.955016,0.287172,0.202037,-0.267634,0.9421,0.86092,-0.347779,0.371302,0.28875,0.934936,0.206195,-0.418854,-0.070304,0.905327,1.0
213,0.976612,0.128038,-0.172728,-0.074436,0.955016,0.28706,0.201712,-0.267489,0.94221,0.86051,-0.348595,0.371486,0.289914,0.934715,0.205563,-0.418891,-0.06919,0.905395,1.0
214,0.976964,0.126691,-0.171725,-0.073047,0.954626,0.288708,0.20051,-0.269514,0.94189,0.860497,-0.348792,0.371331,0.290096,0.934637,0.20566,-0.418792,-0.069249,0.905437,1.0
215,0.977014,0.126535,-0.171554,-0.072993,0.954703,0.288468,0.200285,-0.269315,0.941995,0.861537,-0.348599,0.369094,0.290557,0.934725,0.204606,-0.416327,-0.069033,0.906589,1.0
216,0.977016,0.126355,-0.171678,-0.072821,0.95477,0.288289,0.20034,-0.269161,0.942027,0.861529,-0.348696,0.369023,0.290672,0.934692,0.204596,-0.416265,-0.069001,0.90662,1.0
217,0.977398,0.125035,-0.170461,-0.071488,0.954321,0.290102,0.198948,-0.27136,0.941691,0.86224,-0.348571,0.367477,0.289623,0.934516,0.206873,-0.415523,-0.071944,0.906732,1.0
218,0.977839,0.123952,-0.168718,-0.070443,0.953701,0.292391,0.197149,-0.274027,0.941297,0.86327,-0.348335,0.365275,0.290127,0.934636,0.205622,-0.413025,-0.071531,0.907906,1.0
219,0.978287,0.123756,-0.166243,-0.071139,0.953923,0.291495,0.194657,-0.273339,0.942015,0.863257,-0.348365,0.365279,0.290141,0.934623,0.205663,-0.413043,-0.071557,0.907895,1.0
220,0.978707,0.123355,-0.164053,-0.071587,0.954216,0.290425,0.192367,-0.272498,0.942729,0.863204,-0.348877,0.364912,0.290684,0.934433,0.205756,-0.41277,-0.071535,0.908021,1.0
221,0.979046,0.121936,-0.163091,-0.069936,0.953525,0.293084,0.191249,-0.275537,0.942073,0.863167,-0.349232,0.364661,0.290976,0.934288,0.206005,-0.412642,-0.071709,0.908065,1.0
222,0.979445,0.121577,-0.160949,-0.070313,0.953677,0.292498,0.189054,-0.275169,0.942623,0.8654,-0.343939,0.3644,0.285273,0.936046,0.206002,-0.411947,-0.074321,0.908171,1.0
223,0.979435,0.121445,-0.16111,-0.070158,0.953717,0.292404,0.189164,-0.275088,0.942625,0.86639,-0.34413,0.36186,0.286217,0.936007,0.204865,-0.409204,-0.073923,0.909443,1.0
224,0.979778,0.119963,-0.160134,-0.068565,0.953172,0.294553,0.187971,-0.277617,0.942122,0.866356,-0.344384,0.361697,0.286483,0.935914,0.204917,-0.409088,-0.073911,0.909496,1.0
225,0.980797,0.11326,-0.158769,-0.062043,0.952996,0.296562,0.184895,-0.281017,0.941723,0.86608,-0.344248,0.362486,0.286698,0.936057,0.20396,-0.409521,-0.072722,0.909397,1.0
226,0.980886,0.112785,-0.158558,-0.061663,0.953053,0.296457,0.18455,-0.281013,0.941792,0.865634,-0.344651,0.363169,0.287627,0.936039,0.202732,-0.409813,-0.071035,0.909398,1.0
227,0.981571,0.110177,-0.156133,-0.059063,0.951967,0.300449,0.181736,-0.28569,0.940931,0.865599,-0.345204,0.362729,0.288127,0.93582,0.203034,-0.409537,-0.071234,0.909508,1.0
228,0.98227,0.104427,-0.155691,-0.053591,0.952246,0.30059,0.179646,-0.286917,0.940959,0.866627,-0.344925,0.36053,0.28848,0.935937,0.20199,-0.407105,-0.071045,0.910613,1.0
229,0.984319,0.091801,-0.150625,-0.042507,0.952185,0.302549,0.171197,-0.291403,0.941156,0.867115,-0.344637,0.359633,0.287455,0.935869,0.203758,-0.406792,-0.073304,0.910574,1.0
