,r1,r2,r3,r4,r5,r6,r7,r8,r9,r10,r11,r12,r13,r14,r15,r16,r17,r18,status
0,-0.503669,-0.691157,0.518283,0.856414,-0.320681,0.40462,-0.113452,0.64766,0.753434,-0.488393,-0.626004,-0.607939,0.072393,-0.723344,0.686681,-0.869615,0.29136,0.398594,1.0
1,-0.497905,-0.683882,0.533287,0.861145,-0.317156,0.397292,-0.102566,0.657051,0.746835,-0.502324,-0.611848,-0.610992,0.063634,-0.730854,0.67956,-0.862334,0.30248,0.40606,1.0
2,-0.48845,-0.673714,0.554549,0.868165,-0.311285,0.386508,-0.087773,0.670231,0.736942,-0.518363,-0.590351,-0.618696,0.043302,-0.740677,0.670463,-0.854063,0.320753,0.409502,1.0
3,-0.484675,-0.672831,0.558916,0.870633,-0.309596,0.382292,-0.08418,0.671899,0.735843,-0.526806,-0.577882,-0.623319,0.033076,-0.746711,0.664324,-0.849341,0.329353,0.412486,1.0
4,-0.477676,-0.670386,0.567809,0.874964,-0.304801,0.376208,-0.079136,0.676519,0.73216,-0.548157,-0.539831,-0.638832,0.005569,-0.766149,0.642638,-0.836356,0.348709,0.422976,1.0
5,-0.473513,-0.670503,0.571148,0.877257,-0.301027,0.373902,-0.078771,0.678091,0.730744,-0.575862,-0.500114,-0.646736,-0.02149,-0.781536,0.623488,-0.817264,0.372942,0.43931,1.0
6,-0.461154,-0.671493,0.580029,0.883842,-0.289798,0.367205,-0.078485,0.681992,0.727135,-0.606841,-0.450723,-0.654669,-0.050666,-0.800055,0.597782,-0.793206,0.395928,0.46267,1.0
7,-0.450767,-0.669138,0.590815,0.889887,-0.284907,0.356269,-0.070066,0.686354,0.723883,-0.625411,-0.421045,-0.656948,-0.068231,-0.809188,0.583573,-0.777305,0.409798,0.477347,1.0
8,-0.424475,-0.662424,0.617263,0.904004,-0.271691,0.33009,-0.050955,0.698124,0.71416,-0.658264,-0.365523,-0.658088,-0.09756,-0.825407,0.556044,-0.746438,0.430227,0.507675,1.0
9,-0.390053,-0.658916,0.643184,0.920139,-0.25264,0.29919,-0.034647,0.70852,0.704839,-0.687022,-0.307329,-0.658444,-0.135073,-0.836345,0.5313,-0.713971,0.453953,0.533076,1.0
10,-0.36013,-0.656481,0.662825,0.932775,-0.241709,0.267405,-0.015336,0.714568,0.699396,-0.710217,-0.256211,-0.655703,-0.164686,-0.845107,0.508597,-0.684448,0.4692,0.558015,1.0
11,-0.353245,-0.654537,0.66843,0.935529,-0.248386,0.251175,0.001625,0.714062,0.700079,-0.718191,-0.233623,-0.655454,-0.177355,-0.849387,0.497077,-0.672863,0.473245,0.568588,1.0
12,-0.341141,-0.655646,0.673609,0.939359,-0.264466,0.218314,0.03501,0.707237,0.706107,-0.73845,-0.184404,-0.648602,-0.210929,-0.850438,0.481936,-0.640468,0.492695,0.58911,1.0
13,-0.305119,-0.669284,0.677465,0.950974,-0.251846,0.179498,0.050482,0.699021,0.713315,-0.75827,-0.128965,-0.639056,-0.249703,-0.848035,0.467422,-0.602224,0.514007,0.610837,1.0
14,-0.288227,-0.67703,0.677167,0.956079,-0.242814,0.164177,0.053273,0.694745,0.717279,-0.765519,-0.105898,-0.634637,-0.263209,-0.84851,0.459076,-0.587111,0.518474,0.621678,1.0
15,-0.260637,-0.692608,0.672578,0.963808,-0.227118,0.139611,0.056059,0.684624,0.726736,-0.778744,-0.054178,-0.624997,-0.296786,-0.845908,0.443121,-0.552698,0.530569,0.642666,1.0
16,-0.244644,-0.706768,0.663798,0.968403,-0.212289,0.130876,0.048418,0.674842,0.736371,-0.789621,0.002037,-0.613589,-0.333341,-0.840983,0.426181,-0.515151,0.541056,0.664738,1.0
17,-0.214762,-0.722282,0.657407,0.976568,-0.168306,0.134111,0.01378,0.670806,0.741503,-0.79808,0.045619,-0.60082,-0.359521,-0.836239,0.414064,-0.483541,0.546464,0.683787,1.0
18,-0.210264,-0.724696,0.656204,0.977599,-0.16229,0.134018,0.009373,0.669684,0.742586,-0.801458,0.070818,-0.593842,-0.377044,-0.830596,0.409814,-0.464221,0.552354,0.69239,1.0
19,-0.199137,-0.728322,0.65566,0.979961,-0.145073,0.136484,-0.004286,0.669701,0.742617,-0.806889,0.121332,-0.578106,-0.407917,-0.822301,0.396765,-0.427238,0.555966,0.712999,1.0
20,-0.179438,-0.733923,0.655101,0.983448,-0.116806,0.138513,-0.025138,0.669113,0.742734,-0.810752,0.170192,-0.560102,-0.437645,-0.811666,0.386863,-0.388775,0.558776,0.732545,1.0
21,-0.171706,-0.736062,0.654773,0.984579,-0.105643,0.139436,-0.033462,0.668618,0.742851,-0.810284,0.191731,-0.553784,-0.451,-0.807425,0.380346,-0.374216,0.557945,0.740715,1.0
22,-0.152852,-0.737248,0.658103,0.987137,-0.082335,0.137037,-0.046845,0.670585,0.740351,-0.81024,0.231369,-0.538497,-0.472926,-0.800797,0.367512,-0.346196,0.552442,0.758258,1.0
23,-0.137211,-0.740648,0.657733,0.988539,-0.060188,0.138445,-0.062952,0.669191,0.740418,-0.804299,0.279309,-0.524489,-0.504927,-0.786595,0.355411,-0.313291,0.550685,0.773688,1.0
24,-0.124285,-0.741334,0.659527,0.989567,-0.043791,0.137255,-0.07287,0.669705,0.739042,-0.803359,0.294918,-0.517336,-0.513542,-0.782923,0.351147,-0.301475,0.547771,0.780421,1.0
25,-0.09372,-0.744207,0.66134,0.991035,-0.006215,0.133449,-0.095203,0.667919,0.738119,-0.799501,0.319008,-0.50895,-0.527778,-0.777637,0.341658,-0.286787,0.541768,0.790088,1.0
26,-0.055594,-0.746495,0.663064,0.990549,0.042155,0.130511,-0.125377,0.664054,0.737097,-0.790115,0.355164,-0.499575,-0.552329,-0.765953,0.32901,-0.265799,0.535887,0.801358,1.0
27,-0.035432,-0.74707,0.663799,0.989506,0.06687,0.128077,-0.140071,0.661372,0.736862,-0.783989,0.382324,-0.489069,-0.56775,-0.760199,0.31584,-0.251037,0.525284,0.813053,1.0
28,-0.020816,-0.74857,0.662728,0.98828,0.084856,0.12689,-0.151223,0.657603,0.73803,-0.781726,0.393028,-0.484183,-0.573329,-0.7584,0.310035,-0.245352,0.519959,0.818196,1.0
29,0.00126,-0.747281,0.664507,0.985294,0.114464,0.126853,-0.170857,0.654575,0.736436,-0.76874,0.424052,-0.478767,-0.594608,-0.74957,0.290835,-0.23554,0.508255,0.828369,1.0
30,0.015293,-0.748527,0.662927,0.983166,0.131984,0.126345,-0.182069,0.649836,0.737945,-0.757596,0.450194,-0.472622,-0.611603,-0.742546,0.273067,-0.228011,0.495933,0.83789,1.0
31,0.023463,-0.748387,0.662845,0.981448,0.14344,0.12721,-0.190281,0.647564,0.737869,-0.751451,0.459342,-0.473628,-0.619308,-0.738631,0.266233,-0.227545,0.493383,0.83952,1.0
32,0.046932,-0.749389,0.660464,0.975488,0.176687,0.131158,-0.214983,0.63812,0.739313,-0.74425,0.469133,-0.475399,-0.627277,-0.735413,0.256301,-0.229376,0.488959,0.841608,1.0
33,0.062864,-0.754096,0.653748,0.970724,0.198354,0.135457,-0.231822,0.626094,0.744488,-0.736506,0.476585,-0.480026,-0.632554,-0.736673,0.23914,-0.239652,0.479771,0.84403,1.0
34,0.089452,-0.755117,0.649457,0.962865,0.232334,0.137514,-0.254731,0.613039,0.747859,-0.730672,0.490932,-0.474449,-0.639472,-0.735544,0.223716,-0.239149,0.466861,0.851379,1.0
35,0.094374,-0.756795,0.646803,0.961457,0.237824,0.137983,-0.258251,0.608851,0.75007,-0.730294,0.496115,-0.469617,-0.640184,-0.736926,0.217033,-0.2384,0.459139,0.855777,1.0
36,0.10139,-0.759778,0.642227,0.960391,0.243176,0.136066,-0.259554,0.602993,0.75434,-0.728768,0.505373,-0.462054,-0.642048,-0.738885,0.204504,-0.238054,0.445697,0.86295,1.0
37,0.11176,-0.765885,0.633189,0.957574,0.253324,0.137397,-0.265633,0.590971,0.761702,-0.72701,0.512947,-0.456443,-0.643976,-0.740017,0.194083,-0.238221,0.435039,0.868326,1.0
38,0.111362,-0.77047,0.627674,0.957539,0.252199,0.139688,-0.265924,0.585467,0.76584,-0.727366,0.516579,-0.451756,-0.644508,-0.740312,0.191174,-0.235684,0.430213,0.871417,1.0
39,0.108815,-0.773405,0.624501,0.957572,0.250204,0.143012,-0.266859,0.582444,0.767818,-0.725399,0.524499,-0.445754,-0.646905,-0.740743,0.181144,-0.23518,0.419762,0.876635,1.0
40,0.107828,-0.774304,0.623558,0.957693,0.249239,0.143885,-0.266826,0.581663,0.768421,-0.720803,0.533702,-0.442271,-0.65071,-0.740842,0.166517,-0.238783,0.407817,0.881287,1.0
41,0.110961,-0.774347,0.622956,0.957773,0.250619,0.140926,-0.265251,0.581013,0.769457,-0.716838,0.54048,-0.440481,-0.653306,-0.741365,0.153519,-0.243583,0.397817,0.884538,1.0
42,0.111482,-0.773882,0.62344,0.957684,0.251175,0.140535,-0.26535,0.581392,0.769136,-0.714815,0.54391,-0.439545,-0.65465,-0.741481,0.147095,-0.245909,0.392894,0.886093,1.0
43,0.112683,-0.772995,0.624323,0.957542,0.252278,0.139528,-0.265358,0.582093,0.768603,-0.709866,0.548988,-0.441249,-0.65715,-0.741674,0.134431,-0.253462,0.385395,0.887257,1.0
44,0.113214,-0.773628,0.623443,0.957269,0.252993,0.140103,-0.266115,0.580941,0.769213,-0.703778,0.552576,-0.446492,-0.659658,-0.741601,0.121978,-0.263717,0.380378,0.886434,1.0
45,0.113581,-0.773334,0.62374,0.957335,0.253095,0.139468,-0.265721,0.581288,0.769087,-0.702042,0.554407,-0.446956,-0.660548,-0.741485,0.117793,-0.266106,0.377932,0.886766,1.0
46,0.114403,-0.772696,0.624381,0.957364,0.253574,0.138393,-0.265263,0.581927,0.768762,-0.69454,0.560327,-0.451272,-0.663269,-0.741683,0.099899,-0.278725,0.368699,0.886776,1.0
47,0.115172,-0.772154,0.624909,0.957266,0.254282,0.137771,-0.265284,0.582337,0.768443,-0.689329,0.559676,-0.459986,-0.661785,-0.744798,0.08553,-0.294728,0.363371,0.883796,1.0
48,0.115424,-0.771981,0.625076,0.957196,0.254595,0.137677,-0.265425,0.58243,0.768324,-0.692291,0.552912,-0.463703,-0.654911,-0.751244,0.081985,-0.303024,0.360442,0.882189,1.0
49,0.115666,-0.77183,0.625219,0.957039,0.255091,0.137856,-0.265889,0.582414,0.768176,-0.692947,0.545979,-0.470882,-0.648208,-0.757727,0.075327,-0.315674,0.357427,0.878973,1.0
50,0.115433,-0.772016,0.625032,0.956974,0.255079,0.138327,-0.266223,0.582172,0.768244,-0.697264,0.533341,-0.478925,-0.635114,-0.769436,0.067798,-0.332343,0.351446,0.875233,1.0
51,0.114861,-0.772428,0.624628,0.956992,0.25467,0.138952,-0.266405,0.581805,0.768459,-0.696737,0.529402,-0.484036,-0.631187,-0.773064,0.063033,-0.340821,0.349434,0.872774,1.0
52,0.114361,-0.772787,0.624275,0.957047,0.254226,0.139384,-0.266421,0.581522,0.768668,-0.699468,0.523875,-0.486105,-0.625217,-0.778052,0.061133,-0.34619,0.346682,0.871758,1.0
53,0.113506,-0.773397,0.623676,0.95709,0.253578,0.140266,-0.266632,0.580994,0.768994,-0.699512,0.519944,-0.490244,-0.621097,-0.78164,0.057229,-0.353439,0.344522,0.869703,1.0
54,0.112916,-0.773859,0.623211,0.957022,0.253333,0.141174,-0.267129,0.580486,0.769205,-0.702245,0.511405,-0.495293,-0.611517,-0.789531,0.051818,-0.364549,0.339269,0.867178,1.0
55,0.112626,-0.774114,0.622945,0.956947,0.253294,0.141749,-0.267519,0.580162,0.769314,-0.704067,0.505385,-0.498873,-0.604596,-0.795096,0.047801,-0.372495,0.335272,0.865355,1.0
56,0.114152,-0.775184,0.621336,0.95691,0.253883,0.140942,-0.267003,0.578474,0.770763,-0.703622,0.498286,-0.506582,-0.596028,-0.802016,0.038977,-0.386866,0.329363,0.861309,1.0
57,0.116326,-0.776407,0.619402,0.956788,0.254936,0.139868,-0.266503,0.576367,0.772512,-0.702638,0.492494,-0.513564,-0.588728,-0.80774,0.030874,-0.399622,0.324043,0.857494,1.0
58,0.121786,-0.77939,0.614588,0.957172,0.256076,0.135072,-0.262655,0.571817,0.777197,-0.70296,0.486586,-0.518729,-0.581346,-0.813273,0.024937,-0.409735,0.319091,0.854574,1.0
59,0.123573,-0.780503,0.612816,0.957237,0.256545,0.133719,-0.261583,0.570087,0.778828,-0.70364,0.481514,-0.522526,-0.57487,-0.817991,0.020339,-0.417628,0.314696,0.85238,1.0
60,0.127195,-0.782404,0.609643,0.9573,0.257706,0.131006,-0.259608,0.566948,0.781774,-0.703102,0.475497,-0.528724,-0.566819,-0.823739,0.012949,-0.429374,0.308796,0.848694,1.0
61,0.129033,-0.783246,0.608173,0.957124,0.258769,0.130191,-0.259349,0.565298,0.783055,-0.698388,0.477591,-0.533066,-0.568646,-0.822541,0.008062,-0.434619,0.308757,0.846034,1.0
62,0.129161,-0.783204,0.6082,0.956937,0.259247,0.130622,-0.259978,0.565138,0.782962,-0.700487,0.472248,-0.535068,-0.561968,-0.827139,0.005675,-0.439896,0.304666,0.844789,1.0
63,0.131114,-0.784176,0.606527,0.956904,0.260017,0.129319,-0.259116,0.563434,0.784474,-0.698104,0.469696,-0.540403,-0.557577,-0.830123,-0.00122,-0.449175,0.300465,0.841404,1.0
64,0.13096,-0.784279,0.606427,0.956747,0.260267,0.129984,-0.259776,0.563175,0.784441,-0.700291,0.462429,-0.54383,-0.548032,-0.836438,-0.005537,-0.457441,0.294159,0.839176,1.0
65,0.131088,-0.784212,0.606486,0.95663,0.260592,0.130187,-0.26014,0.563117,0.784362,-0.700324,0.456189,-0.549033,-0.538881,-0.842288,-0.012479,-0.468137,0.287124,0.835707,1.0
66,0.133145,-0.785111,0.604874,0.956853,0.260868,0.127978,-0.258269,0.561736,0.785969,-0.700113,0.454555,-0.550654,-0.536373,-0.843853,-0.014628,-0.471321,0.285115,0.834604,1.0
67,0.132762,-0.785217,0.604819,0.956787,0.260813,0.128584,-0.258711,0.561613,0.785912,-0.700474,0.450592,-0.553445,-0.530501,-0.84748,-0.018548,-0.477392,0.280611,0.832678,1.0
68,0.132606,-0.785335,0.6047,0.956783,0.260724,0.128792,-0.258806,0.561489,0.785969,-0.700917,0.444305,-0.557949,-0.523859,-0.851568,-0.020027,-0.48403,0.278249,0.829633,1.0
69,0.132571,-0.78536,0.604676,0.956776,0.260718,0.128857,-0.258849,0.561457,0.785978,-0.701679,0.44187,-0.558924,-0.520376,-0.853663,-0.021596,-0.486676,0.275698,0.828936,1.0
70,0.13221,-0.785624,0.604412,0.956838,0.26036,0.129119,-0.258804,0.561254,0.786138,-0.703438,0.434523,-0.562462,-0.512664,-0.858309,-0.021918,-0.49229,0.272936,0.826531,1.0
71,0.133807,-0.786862,0.602447,0.957118,0.260226,0.127302,-0.256941,0.559579,0.787941,-0.706806,0.425459,-0.565162,-0.500111,-0.865565,-0.026153,-0.500312,0.264159,0.824564,1.0
72,0.13314,-0.787196,0.602159,0.957008,0.260087,0.128411,-0.257699,0.559175,0.787981,-0.707031,0.418296,-0.570205,-0.491723,-0.870278,-0.02871,-0.508246,0.260085,0.821,1.0
73,0.133029,-0.787308,0.602037,0.956922,0.260199,0.128825,-0.258075,0.558965,0.788006,-0.709479,0.409974,-0.573201,-0.482967,-0.875184,-0.028172,-0.513207,0.25685,0.818929,1.0
74,0.134944,-0.788359,0.600232,0.957005,0.260678,0.127227,-0.256768,0.557257,0.789641,-0.708863,0.402265,-0.579391,-0.476084,-0.87896,-0.027782,-0.520438,0.256146,0.814575,1.0
75,0.134648,-0.788421,0.600218,0.956841,0.260884,0.128036,-0.257534,0.557074,0.789521,-0.712056,0.393832,-0.581267,-0.464038,-0.885259,-0.031349,-0.526919,0.247409,0.813107,1.0
76,0.134616,-0.788463,0.600169,0.956774,0.261006,0.128291,-0.257801,0.556957,0.789517,-0.712655,0.387397,-0.584846,-0.45713,-0.888833,-0.031726,-0.532121,0.244741,0.810523,1.0
77,0.134601,-0.788492,0.600135,0.956752,0.261041,0.128386,-0.257891,0.5569,0.789527,-0.714705,0.382991,-0.585246,-0.451124,-0.89186,-0.032727,-0.534492,0.240628,0.810194,1.0
78,0.136474,-0.78943,0.598476,0.956974,0.261221,0.126343,-0.256074,0.555484,0.791115,-0.716868,0.368034,-0.592157,-0.436941,-0.898996,-0.029777,-0.543306,0.237392,0.805272,1.0
79,0.138204,-0.790388,0.596813,0.957163,0.261398,0.124531,-0.254434,0.554037,0.792657,-0.718639,0.350593,-0.600534,-0.417728,-0.908067,-0.03025,-0.555931,0.229121,0.799026,1.0
80,0.140021,-0.791327,0.595142,0.957354,0.261609,0.122607,-0.252717,0.552595,0.794211,-0.717617,0.345818,-0.604512,-0.413674,-0.909947,-0.029473,-0.560266,0.22892,0.79605,1.0
81,0.143933,-0.792885,0.592128,0.957518,0.262678,0.118987,-0.249882,0.549848,0.79701,-0.716026,0.338124,-0.610719,-0.405588,-0.913554,-0.030265,-0.568159,0.22603,0.791268,1.0
82,0.147637,-0.794517,0.58902,0.9576,0.263797,0.115809,-0.247394,0.546948,0.799776,-0.713695,0.335984,-0.614617,-0.402361,-0.914889,-0.032907,-0.573363,0.223813,0.788138,1.0
83,0.149397,-0.795432,0.587339,0.957666,0.264233,0.114256,-0.246078,0.545406,0.801234,-0.713122,0.331591,-0.617659,-0.397791,-0.916883,-0.032958,-0.577251,0.222197,0.785754,1.0
84,0.149401,-0.795333,0.587472,0.957392,0.26486,0.115098,-0.247139,0.545246,0.801017,-0.710402,0.334552,-0.619195,-0.399623,-0.915956,-0.036406,-0.579336,0.221582,0.784391,1.0
85,0.149365,-0.795374,0.587426,0.957351,0.264929,0.115286,-0.247321,0.545153,0.801023,-0.711052,0.324397,-0.623835,-0.389419,-0.920404,-0.034751,-0.585453,0.218224,0.780782,1.0
86,0.149332,-0.795392,0.58741,0.957359,0.264892,0.115301,-0.24731,0.545144,0.801033,-0.709539,0.317888,-0.628888,-0.384452,-0.922569,-0.032581,-0.59055,0.21866,0.776812,1.0
87,0.149222,-0.795477,0.587322,0.957377,0.264789,0.115392,-0.247308,0.54507,0.801084,-0.707003,0.315184,-0.633091,-0.384529,-0.922628,-0.029908,-0.593535,0.222297,0.773498,1.0
88,0.149082,-0.795594,0.5872,0.957389,0.264679,0.115544,-0.247345,0.544953,0.801152,-0.705822,0.304361,-0.63967,-0.374775,-0.92671,-0.027405,-0.60113,0.220389,0.76816,1.0
89,0.148925,-0.795723,0.587064,0.957391,0.26458,0.11575,-0.24743,0.544813,0.801221,-0.703494,0.301916,-0.643383,-0.371929,-0.927816,-0.028712,-0.60561,0.219095,0.765005,1.0
90,0.148904,-0.795753,0.587028,0.957358,0.264637,0.115891,-0.24757,0.54474,0.801227,-0.703798,0.299574,-0.644144,-0.367958,-0.929352,-0.030183,-0.607679,0.215775,0.764307,1.0
91,0.148617,-0.796003,0.586762,0.957319,0.26455,0.116417,-0.247897,0.544417,0.801346,-0.701363,0.299703,-0.646735,-0.369305,-0.928825,-0.029927,-0.609674,0.217853,0.762126,1.0
92,0.148367,-0.796231,0.586517,0.957218,0.264616,0.117091,-0.248434,0.544052,0.801428,-0.701093,0.299843,-0.646963,-0.369544,-0.928729,-0.029968,-0.60984,0.218071,0.761931,1.0
93,0.148207,-0.796376,0.58636,0.957156,0.264653,0.117515,-0.248768,0.543822,0.80148,-0.701132,0.299824,-0.646931,-0.369537,-0.928733,-0.029929,-0.6098,0.21808,0.76196,1.0
94,0.148228,-0.796431,0.586281,0.956915,0.265177,0.118294,-0.249682,0.543486,0.801424,-0.700195,0.297878,-0.64884,-0.369186,-0.928931,-0.02806,-0.611087,0.219895,0.760406,1.0
95,0.148154,-0.796544,0.586146,0.956731,0.265521,0.119007,-0.250428,0.543153,0.801417,-0.699233,0.295898,-0.650782,-0.368733,-0.929163,-0.026287,-0.612461,0.221584,0.758809,1.0
96,0.147804,-0.796807,0.585876,0.956712,0.265355,0.119532,-0.250709,0.542848,0.801536,-0.698001,0.29414,-0.652897,-0.368494,-0.929301,-0.024714,-0.614008,0.223338,0.757042,1.0
97,0.147768,-0.79682,0.585867,0.956711,0.265338,0.119576,-0.250734,0.542836,0.801535,-0.696214,0.290931,-0.656234,-0.368064,-0.929548,-0.021613,-0.61629,0.226489,0.754247,1.0
98,0.147688,-0.79687,0.585819,0.956726,0.265259,0.119627,-0.250722,0.542802,0.801563,-0.693335,0.287904,-0.660603,-0.368182,-0.929565,-0.018699,-0.619458,0.230258,0.750501,1.0
99,0.147833,-0.796766,0.585924,0.956696,0.26541,0.119534,-0.250751,0.542881,0.8015,-0.691874,0.282016,-0.664662,-0.363589,-0.931409,-0.016722,-0.623788,0.230094,0.746956,1.0
100,0.147977,-0.796667,0.586023,0.95666,0.265572,0.119464,-0.250804,0.542947,0.801438,-0.691069,0.282638,-0.665235,-0.36419,-0.931164,-0.01729,-0.624331,0.230323,0.746432,1.0
101,0.150219,-0.797352,0.584519,0.956836,0.266035,0.116999,-0.248793,0.541714,0.802899,-0.69033,0.283582,-0.6656,-0.364759,-0.930921,-0.018312,-0.624815,0.230143,0.746083,1.0
102,0.150369,-0.797071,0.584864,0.956685,0.266484,0.117208,-0.24928,0.541907,0.802617,-0.689099,0.282507,-0.667331,-0.364766,-0.930935,-0.017436,-0.626168,0.231405,0.744556,1.0
103,0.152429,-0.797775,0.583369,0.956751,0.267094,0.115268,-0.247772,0.540569,0.803985,-0.690004,0.281595,-0.666782,-0.364901,-0.930916,-0.015535,-0.625093,0.23259,0.74509,1.0
104,0.154564,-0.79851,0.581798,0.956852,0.267643,0.113134,-0.246053,0.539209,0.805425,-0.689827,0.281803,-0.666876,-0.364992,-0.930875,-0.015808,-0.625234,0.2325,0.745,1.0
105,0.156539,-0.799134,0.580412,0.956778,0.268523,0.111667,-0.245092,0.537846,0.806629,-0.688248,0.280214,-0.669174,-0.364734,-0.930994,-0.01472,-0.627122,0.23394,0.742959,1.0
106,0.160293,-0.800779,0.577111,0.956961,0.269378,0.107981,-0.24193,0.534964,0.809495,-0.689549,0.279653,-0.668068,-0.364766,-0.931005,-0.013223,-0.625672,0.234571,0.743982,1.0
107,0.160098,-0.800795,0.577142,0.956849,0.26954,0.108563,-0.2425,0.534858,0.809394,-0.691049,0.278718,-0.666908,-0.364746,-0.93104,-0.011157,-0.624028,0.235542,0.745055,1.0
108,0.161902,-0.801652,0.575448,0.95685,0.270125,0.107099,-0.241299,0.533278,0.810795,-0.690937,0.278647,-0.667053,-0.364309,-0.931204,-0.011638,-0.624406,0.234972,0.744918,1.0
109,0.161939,-0.801638,0.575457,0.956694,0.270485,0.107574,-0.241888,0.533116,0.810725,-0.690878,0.278565,-0.667148,-0.363971,-0.931332,-0.011957,-0.624669,0.234562,0.744827,1.0
110,0.162194,-0.801522,0.575546,0.956505,0.271027,0.107888,-0.242463,0.533014,0.81062,-0.692435,0.277573,-0.665947,-0.363927,-0.931375,-0.009804,-0.622968,0.235568,0.745933,1.0
111,0.162381,-0.801428,0.575624,0.956379,0.271399,0.108072,-0.242836,0.532966,0.81054,-0.692396,0.277566,-0.665991,-0.363821,-0.931415,-0.009942,-0.623074,0.235418,0.745892,1.0
112,0.164488,-0.802116,0.574066,0.956333,0.272236,0.106364,-0.241598,0.531503,0.81187,-0.692452,0.277421,-0.665992,-0.363539,-0.931524,-0.010047,-0.623176,0.235157,0.74589,1.0
113,0.168134,-0.803412,0.571191,0.956478,0.27315,0.102654,-0.238494,0.529072,0.814372,-0.692357,0.277509,-0.666054,-0.363569,-0.931511,-0.010183,-0.623263,0.235107,0.745832,1.0
114,0.168537,-0.803416,0.571066,0.9564,0.273482,0.102492,-0.23852,0.528895,0.814479,-0.692349,0.277526,-0.666056,-0.363582,-0.931506,-0.010197,-0.623266,0.235106,0.74583,1.0
115,0.168375,-0.803414,0.571117,0.956352,0.273525,0.102829,-0.238829,0.528876,0.814401,-0.694051,0.27637,-0.664763,-0.363406,-0.931597,-0.007887,-0.621472,0.236106,0.747011,1.0
116,0.169928,-0.803749,0.570184,0.956379,0.274021,0.101244,-0.237617,0.528108,0.815253,-0.693962,0.276457,-0.66482,-0.363468,-0.931572,-0.007983,-0.621535,0.236102,0.746959,1.0
117,0.172065,-0.800923,0.573511,0.956561,0.274932,0.096961,-0.235335,0.531916,0.813438,-0.69565,0.275424,-0.663484,-0.363602,-0.931537,-0.005469,-0.619567,0.237439,0.74817,1.0
118,0.17191,-0.801068,0.573354,0.956521,0.27494,0.09734,-0.235614,0.531692,0.813503,-0.695717,0.275316,-0.663459,-0.363457,-0.931594,-0.005456,-0.619577,0.237343,0.748192,1.0
119,0.173844,-0.801901,0.571605,0.956509,0.275561,0.095677,-0.234236,0.530113,0.814931,-0.695772,0.275211,-0.663445,-0.363314,-0.93165,-0.005452,-0.619599,0.237246,0.748204,1.0
120,0.174568,-0.800381,0.573511,0.956401,0.276332,0.094529,-0.234139,0.532006,0.813724,-0.695879,0.275073,-0.66339,-0.363185,-0.931701,-0.005355,-0.619554,0.237207,0.748254,1.0
121,0.187178,-0.796018,0.575602,0.953237,0.288725,0.089307,-0.237281,0.531969,0.812837,-0.695877,0.27507,-0.663393,-0.363168,-0.931707,-0.005373,-0.619567,0.237185,0.74825,1.0
122,0.193096,-0.794515,0.575724,0.952087,0.293548,0.085776,-0.237153,0.531578,0.813131,-0.697551,0.273987,-0.662082,-0.363128,-0.931734,-0.002995,-0.617705,0.238332,0.749425,1.0
123,0.213825,-0.78816,0.577132,0.948358,0.30918,0.070869,-0.234294,0.532175,0.813569,-0.697281,0.274238,-0.662262,-0.363258,-0.931682,-0.003337,-0.617933,0.238246,0.749264,1.0
124,0.229611,-0.782805,0.578354,0.946203,0.318732,0.055755,-0.227986,0.534439,0.813877,-0.69869,0.273451,-0.661102,-0.363458,-0.931609,-0.001219,-0.616222,0.239431,0.750294,1.0
125,0.232957,-0.782522,0.577397,0.945813,0.320413,0.052643,-0.2262,0.533847,0.814763,-0.698555,0.273572,-0.661194,-0.363512,-0.931588,-0.001397,-0.616342,0.239376,0.750213,1.0
126,0.240544,-0.780538,0.576973,0.943233,0.328225,0.050786,-0.229018,0.532004,0.815182,-0.698541,0.273516,-0.661233,-0.363338,-0.931655,-0.001537,-0.616462,0.239177,0.750178,1.0
127,0.245229,-0.77885,0.577282,0.941201,0.334004,0.050806,-0.232385,0.53088,0.814962,-0.698836,0.273173,-0.661062,-0.363046,-0.931769,-0.001247,-0.616298,0.239125,0.750329,1.0
128,0.245062,-0.778966,0.577195,0.941273,0.333795,0.050839,-0.232267,0.530841,0.815021,-0.699042,0.27294,-0.660941,-0.362846,-0.931848,-0.001049,-0.616183,0.239087,0.750436,1.0
129,0.244297,-0.779579,0.576692,0.941515,0.333034,0.051356,-0.232094,0.530418,0.815345,-0.699306,0.272624,-0.660792,-0.362548,-0.931964,-0.000823,-0.616059,0.238993,0.750567,1.0
130,0.247065,-0.778891,0.576442,0.940176,0.336697,0.051983,-0.234576,0.529115,0.815481,-0.699268,0.27259,-0.660846,-0.362362,-0.932036,-0.001022,-0.616211,0.238751,0.750519,1.0
131,0.253261,-0.77674,0.576656,0.937286,0.344583,0.052498,-0.239484,0.527196,0.815297,-0.696932,0.277311,-0.661349,-0.368055,-0.929801,-0.002019,-0.615484,0.242007,0.750074,1.0
132,0.254187,-0.775006,0.578579,0.937162,0.345194,0.050663,-0.238986,0.529345,0.81405,-0.69844,0.276341,-0.660163,-0.367926,-0.929854,2.7e-05,-0.613849,0.24291,0.751121,1.0
133,0.261329,-0.773653,0.577206,0.93471,0.352059,0.04869,-0.24088,0.526797,0.815144,-0.697868,0.276718,-0.66061,-0.367755,-0.929921,-0.001032,-0.614602,0.242223,0.750727,1.0
134,0.261351,-0.77346,0.577455,0.934603,0.352314,0.048907,-0.241273,0.526909,0.814956,-0.697757,0.276612,-0.660771,-0.367229,-0.930128,-0.001587,-0.615042,0.241547,0.750585,1.0
135,0.261435,-0.77338,0.577524,0.934578,0.352391,0.048829,-0.241278,0.526976,0.814911,-0.697946,0.27632,-0.660695,-0.366822,-0.930289,-0.001567,-0.615071,0.241264,0.750652,1.0
136,0.263459,-0.773975,0.575804,0.934567,0.35273,0.046517,-0.239107,0.525873,0.816262,-0.696188,0.271883,-0.664379,-0.365506,-0.930806,0.002094,-0.61784,0.244292,0.747391,1.0
137,0.265196,-0.774716,0.574007,0.934591,0.352922,0.044538,-0.237084,0.524651,0.817637,-0.694481,0.267559,-0.667912,-0.364139,-0.931327,0.005544,-0.620562,0.247063,0.744218,1.0
138,0.266453,-0.775196,0.572776,0.934584,0.353116,0.043142,-0.2357,0.523812,0.818574,-0.6941,0.266789,-0.668616,-0.363785,-0.931463,0.005981,-0.621196,0.247384,0.743582,1.0
139,0.266503,-0.775535,0.572294,0.934632,0.352992,0.043117,-0.235454,0.523393,0.818913,-0.693711,0.265639,-0.669477,-0.363053,-0.931745,0.006491,-0.622058,0.247559,0.742803,1.0
140,0.264285,-0.775093,0.573919,0.934631,0.352647,0.045869,-0.237944,0.52428,0.817626,-0.691873,0.269698,-0.669756,-0.367967,-0.929821,0.005697,-0.621217,0.25039,0.742558,1.0
141,0.26033,-0.776513,0.573807,0.936457,0.34778,0.045778,-0.235106,0.525428,0.817709,-0.690795,0.2677,-0.671668,-0.367283,-0.930082,0.007048,-0.62282,0.251561,0.740818,1.0
142,0.260449,-0.776457,0.573829,0.936382,0.347973,0.045844,-0.235273,0.525383,0.81769,-0.689862,0.26561,-0.673455,-0.36695,-0.930196,0.009021,-0.624049,0.253348,0.739173,1.0
143,0.25149,-0.779527,0.573663,0.940401,0.336986,0.04565,-0.228902,0.527994,0.817817,-0.68902,0.263638,-0.675089,-0.366698,-0.930275,0.01097,-0.625127,0.255112,0.737653,1.0
144,0.23779,-0.784053,0.573336,0.946297,0.320109,0.045283,-0.219034,0.531779,0.818067,-0.689073,0.263783,-0.674978,-0.366755,-0.930253,0.010868,-0.625034,0.255041,0.737757,1.0
145,0.230462,-0.78779,0.571203,0.950111,0.308964,0.042776,-0.210179,0.532849,0.819692,-0.688987,0.263887,-0.675026,-0.366842,-0.93022,0.010779,-0.625079,0.255054,0.737715,1.0
146,0.216185,-0.791947,0.571036,0.955632,0.291485,0.042463,-0.200077,0.536521,0.819825,-0.688842,0.264047,-0.675111,-0.366963,-0.930174,0.01062,-0.625167,0.255057,0.737639,1.0
147,0.207254,-0.794276,0.571113,0.959045,0.280176,0.041623,-0.193073,0.539097,0.819815,-0.689283,0.2611,-0.675807,-0.36685,-0.930161,0.014795,-0.624747,0.258118,0.736929,1.0
148,0.19368,-0.797722,0.571074,0.963895,0.263152,0.040685,-0.182735,0.542577,0.819889,-0.692674,0.259304,-0.673025,-0.366802,-0.930101,0.019161,-0.621014,0.260139,0.73937,1.0
149,0.193929,-0.797539,0.571246,0.96388,0.263262,0.040329,-0.182551,0.542792,0.819786,-0.692934,0.262153,-0.671653,-0.372007,-0.927978,0.021595,-0.617618,0.264823,0.74055,1.0
150,0.195098,-0.796729,0.571978,0.963639,0.26428,0.039434,-0.182581,0.543487,0.819319,-0.696537,0.261608,-0.668129,-0.376495,-0.925934,0.029952,-0.610808,0.27241,0.743441,1.0
151,0.196557,-0.795717,0.572886,0.963359,0.265478,0.03821,-0.182493,0.544385,0.818742,-0.705168,0.252659,-0.662495,-0.37423,-0.926238,0.045092,-0.602236,0.279724,0.747707,1.0
152,0.197538,-0.795016,0.573521,0.963189,0.266222,0.037285,-0.182327,0.545045,0.81834,-0.710844,0.248003,-0.658174,-0.372841,-0.926344,0.053627,-0.596396,0.283515,0.750952,1.0
153,0.200222,-0.793008,0.575367,0.96281,0.267989,0.03431,-0.1814,0.5471,0.817174,-0.725108,0.235432,-0.647139,-0.367989,-0.926787,0.075156,-0.582066,0.292637,0.758657,1.0
154,0.195014,-0.793069,0.57707,0.965162,0.259819,0.030905,-0.174443,0.550939,0.816109,-0.727043,0.236202,-0.644683,-0.370088,-0.925699,0.078205,-0.578311,0.295448,0.760438,1.0
155,0.152475,-0.798508,0.582353,0.977822,0.207487,0.028482,-0.143574,0.565096,0.812436,-0.726848,0.236462,-0.644807,-0.370391,-0.925587,0.078088,-0.578361,0.295589,0.760345,1.0
156,0.614774,-0.756343,0.223601,0.642371,0.644662,0.414451,-0.457615,-0.111159,0.882174,0.911195,-0.155196,-0.381622,0.303416,0.879417,0.366828,0.278675,-0.450043,0.84841,0.0
157,0.585818,-0.778314,0.225928,0.663835,0.62074,0.417138,-0.464907,-0.094388,0.880313,0.912967,-0.139679,-0.383378,0.289128,0.884443,0.366285,0.287914,-0.445252,0.847853,0.0
158,0.510311,-0.825746,0.24026,0.710026,0.562179,0.424048,-0.485225,-0.045806,0.873188,0.915053,-0.097306,-0.391417,0.253279,0.893883,0.369894,0.313889,-0.43761,0.842597,0.0
159,0.476682,-0.841849,0.253105,0.722891,0.539222,0.43205,-0.500201,-0.022983,0.865603,0.914075,-0.061842,-0.400802,0.226822,0.897229,0.378855,0.336182,-0.437212,0.834162,0.0
160,0.451384,-0.853223,0.261272,0.733657,0.521523,0.435615,-0.507936,-0.004946,0.86138,0.911813,-0.041903,-0.408458,0.213067,0.89865,0.383444,0.350994,-0.436659,0.82833,0.0
161,0.440577,-0.857938,0.264258,0.737125,0.51375,0.438983,-0.512383,0.001386,0.858755,0.910725,-0.030184,-0.411906,0.202598,0.901737,0.381867,0.359905,-0.431228,0.82735,0.0
162,0.424907,-0.862718,0.27417,0.739767,0.505486,0.444103,-0.521726,0.014119,0.852995,0.907944,-0.0176,-0.418719,0.192949,0.904483,0.380368,0.37203,-0.426145,0.824617,0.0
163,0.417546,-0.863695,0.282284,0.734911,0.503697,0.454086,-0.534378,0.017852,0.845056,0.907036,-0.01812,-0.420662,0.193751,0.904976,0.378785,0.373826,-0.425075,0.824357,0.0
164,0.405994,-0.868763,0.283582,0.737408,0.494719,0.459871,-0.539813,0.022411,0.841486,0.906851,-0.013461,-0.421235,0.188937,0.906411,0.377784,0.376727,-0.422181,0.824523,0.0
165,0.392276,-0.873742,0.287562,0.736266,0.485645,0.471232,-0.551389,0.02687,0.833814,0.906263,-0.014462,-0.422464,0.19026,0.906413,0.377113,0.377474,-0.422142,0.824201,0.0
166,0.390614,-0.874207,0.288412,0.732399,0.484931,0.477945,-0.557683,0.024541,0.82969,0.906022,-0.014907,-0.422966,0.190835,0.906407,0.376838,0.377762,-0.422141,0.82407,0.0
167,0.390057,-0.874874,0.287142,0.730708,0.483852,0.481614,-0.560286,0.02196,0.828007,0.905239,-0.01301,-0.424701,0.190547,0.905819,0.378396,0.379779,-0.423465,0.822462,0.0
168,0.390222,-0.876349,0.282378,0.731189,0.481345,0.483392,-0.559542,0.017842,0.828609,0.905048,-0.013352,-0.425098,0.190971,0.905839,0.378133,0.380022,-0.42341,0.822378,0.0
169,0.390931,-0.877035,0.27925,0.733152,0.480143,0.481611,-0.55647,0.016456,0.830703,0.904716,-0.013869,-0.425788,0.191675,0.905843,0.377766,0.380458,-0.423385,0.822189,0.0
170,0.391872,-0.877005,0.278023,0.734568,0.480201,0.479391,-0.553936,0.016367,0.832398,0.904769,-0.01375,-0.425678,0.191529,0.905848,0.377829,0.380405,-0.423378,0.822217,0.0
171,0.391849,-0.877018,0.278014,0.734497,0.480179,0.479522,-0.554046,0.0163,0.832325,0.904827,-0.013633,-0.425558,0.191386,0.905846,0.377907,0.380339,-0.423387,0.822243,0.0
172,0.39137,-0.877509,0.27714,0.734885,0.479296,0.479811,-0.55387,0.015883,0.83245,0.904745,-0.01368,-0.425732,0.191511,0.90583,0.377881,0.380472,-0.423419,0.822165,0.0
173,0.391318,-0.877496,0.277254,0.734866,0.479316,0.479819,-0.553932,0.015982,0.832408,0.904639,-0.013749,-0.425954,0.191672,0.905815,0.377834,0.380641,-0.423447,0.822072,0.0
174,0.391496,-0.877247,0.277789,0.734642,0.479762,0.479717,-0.554103,0.016268,0.832287,0.90451,-0.013906,-0.426223,0.191924,0.905802,0.377738,0.380822,-0.42347,0.821977,0.0
175,0.391651,-0.876036,0.281369,0.734032,0.481865,0.478542,-0.554803,0.019112,0.831761,0.904256,-0.014225,-0.426752,0.192416,0.905789,0.377521,0.381178,-0.42349,0.821802,0.0
176,0.391519,-0.875153,0.284287,0.73395,0.483353,0.477165,-0.555004,0.021834,0.83156,0.903985,-0.014606,-0.427313,0.193021,0.905719,0.377378,0.381514,-0.423624,0.821576,0.0
177,0.391511,-0.874067,0.28762,0.734057,0.485156,0.475166,-0.554868,0.025097,0.831559,0.90372,-0.015001,-0.42786,0.193651,0.905628,0.377274,0.381822,-0.423806,0.821339,0.0
178,0.391707,-0.873767,0.288263,0.734199,0.485659,0.474432,-0.55454,0.025804,0.831755,0.903517,-0.015312,-0.428276,0.194128,0.905571,0.377167,0.382059,-0.423917,0.821172,0.0
179,0.392282,-0.872944,0.28997,0.7343,0.487047,0.472851,-0.554002,0.027434,0.832062,0.903194,-0.015819,-0.428939,0.194937,0.905435,0.377076,0.382411,-0.424189,0.820868,0.0
180,0.392971,-0.871967,0.291969,0.734489,0.488679,0.470869,-0.553261,0.02941,0.832487,0.902792,-0.016456,-0.429761,0.195978,0.90523,0.377027,0.382829,-0.424601,0.82046,0.0
181,0.395114,-0.87339,0.284732,0.737203,0.486398,0.468986,-0.548102,0.024603,0.836049,0.902647,-0.016705,-0.430054,0.196484,0.905027,0.377249,0.382909,-0.425022,0.820203,0.0
182,0.396591,-0.874529,0.279129,0.739504,0.484513,0.467312,-0.54392,0.021085,0.838871,0.902608,-0.016772,-0.430133,0.196623,0.904971,0.377313,0.38293,-0.42514,0.820133,0.0
183,0.396695,-0.876116,0.273957,0.74132,0.481773,0.467267,-0.541366,0.017727,0.840599,0.903028,-0.019308,-0.429146,0.197788,0.90549,0.375455,0.381339,-0.423927,0.821501,0.0
184,0.397117,-0.878174,0.266657,0.743551,0.478172,0.467422,-0.537986,0.012652,0.842858,0.902918,-0.019409,-0.429373,0.198049,0.905395,0.375545,0.381464,-0.424124,0.821342,0.0
185,0.401281,-0.877576,0.262361,0.741352,0.479399,0.469652,-0.537931,0.006039,0.842966,0.902826,-0.019545,-0.429559,0.198266,0.905361,0.375513,0.381567,-0.424191,0.821259,0.0
186,0.411004,-0.876133,0.251923,0.737595,0.481992,0.472902,-0.53575,-0.008548,0.844332,0.902659,-0.019796,-0.429899,0.198682,0.905282,0.375485,0.381747,-0.424348,0.821094,0.0
187,0.420657,-0.872995,0.246835,0.733421,0.487386,0.473865,-0.533985,-0.0183,0.845295,0.902408,-0.020174,-0.430408,0.199251,0.905223,0.375325,0.382044,-0.424456,0.8209,0.0
188,0.423946,-0.871569,0.246241,0.729703,0.489749,0.477157,-0.536472,-0.022606,0.843614,0.90296,-0.022506,-0.429133,0.200124,0.905749,0.373589,0.38028,-0.423216,0.822359,0.0
189,0.428209,-0.870131,0.243942,0.726886,0.492032,0.479103,-0.53691,-0.027838,0.843179,0.902897,-0.022535,-0.429264,0.200255,0.905689,0.373663,0.380359,-0.423342,0.822257,0.0
190,0.426733,-0.87132,0.242279,0.726903,0.48984,0.481318,-0.53806,-0.029281,0.842397,0.902809,-0.02265,-0.429442,0.200475,0.90563,0.373689,0.380452,-0.423462,0.822152,0.0
191,0.430592,-0.870187,0.239506,0.724525,0.491508,0.483199,-0.538193,-0.034534,0.842113,0.902665,-0.022849,-0.429734,0.200806,0.905573,0.373649,0.380618,-0.423573,0.822018,0.0
192,0.430617,-0.870162,0.239553,0.724951,0.491583,0.482485,-0.537601,-0.034102,0.842509,0.902547,-0.023018,-0.429974,0.201063,0.905548,0.37357,0.380764,-0.423616,0.821928,0.0
193,0.428221,-0.871082,0.240501,0.72359,0.489946,0.486179,-0.541334,-0.034168,0.840112,0.902396,-0.023227,-0.430279,0.20142,0.905478,0.373547,0.380932,-0.423755,0.821779,0.0
194,0.426039,-0.872257,0.24012,0.723056,0.48781,0.489111,-0.543763,-0.03476,0.838517,0.90232,-0.023322,-0.430433,0.201592,0.905443,0.373539,0.381022,-0.423824,0.821702,0.0
195,0.425997,-0.87234,0.239892,0.723291,0.487661,0.488913,-0.543485,-0.034764,0.838698,0.902195,-0.023498,-0.430685,0.20185,0.905429,0.373434,0.38118,-0.423845,0.821618,0.0
196,0.424363,-0.873184,0.239719,0.722612,0.486108,0.491456,-0.545661,-0.035332,0.83726,0.901956,-0.023832,-0.431167,0.202333,0.905412,0.373214,0.38149,-0.423862,0.821464,0.0
197,0.424042,-0.873554,0.238937,0.723024,0.485418,0.491533,-0.545365,-0.035673,0.837438,0.901696,-0.024207,-0.43169,0.202876,0.905383,0.372989,0.381817,-0.423902,0.821292,0.0
198,0.423865,-0.87373,0.238605,0.723152,0.485086,0.491672,-0.545333,-0.035854,0.837451,0.901442,-0.02458,-0.432198,0.203401,0.905365,0.372746,0.382136,-0.423919,0.821135,0.0
199,0.428909,-0.871412,0.238068,0.720614,0.488976,0.491545,-0.544748,-0.039273,0.837678,0.90133,-0.024748,-0.432422,0.203631,0.905362,0.372628,0.382277,-0.423916,0.821071,0.0
200,0.429177,-0.871163,0.238499,0.72026,0.489426,0.491616,-0.545006,-0.039209,0.837514,0.901074,-0.025133,-0.432935,0.204167,0.905345,0.372378,0.382597,-0.423932,0.820914,0.0
201,0.429222,-0.871108,0.238617,0.720017,0.489513,0.491885,-0.545292,-0.03932,0.837323,0.900954,-0.025314,-0.433174,0.204413,0.905342,0.37225,0.382748,-0.423927,0.820846,0.0
202,0.429213,-0.871133,0.238541,0.719842,0.489451,0.492203,-0.545529,-0.039547,0.837157,0.900914,-0.025372,-0.433253,0.204494,0.905341,0.372209,0.382798,-0.423926,0.820823,0.0
203,0.430658,-0.870562,0.238022,0.720454,0.490456,0.490303,-0.543579,-0.039669,0.838419,0.900819,-0.025509,-0.433442,0.204684,0.905338,0.372111,0.38292,-0.423924,0.820768,0.0
204,0.432032,-0.870026,0.237489,0.720726,0.491371,0.488986,-0.542126,-0.040093,0.839339,0.900587,-0.025855,-0.433904,0.205157,0.905331,0.371867,0.383212,-0.423918,0.820634,0.0
205,0.434477,-0.869183,0.236114,0.721987,0.492826,0.48565,-0.538482,-0.040533,0.841661,0.900365,-0.026177,-0.434344,0.205592,0.905335,0.371616,0.3835,-0.423889,0.820515,0.0
206,0.435885,-0.86864,0.235514,0.722577,0.493767,0.483813,-0.536549,-0.04071,0.842886,0.900309,-0.026259,-0.434455,0.205705,0.905333,0.371558,0.38357,-0.423887,0.820482,0.0
207,0.438748,-0.867488,0.234442,0.723739,0.495769,0.480013,-0.532635,-0.04093,0.845354,0.900197,-0.026427,-0.434679,0.205935,0.90533,0.371439,0.383712,-0.423884,0.820418,0.0
208,0.442441,-0.866041,0.232848,0.725758,0.4983,0.474312,-0.526801,-0.040864,0.849005,0.900095,-0.026572,-0.43488,0.206126,0.905338,0.371313,0.383848,-0.423858,0.820368,0.0
209,0.44406,-0.86539,0.232186,0.726565,0.499431,0.471881,-0.524322,-0.040846,0.850539,0.900048,-0.026638,-0.434974,0.206219,0.905336,0.371265,0.383909,-0.423856,0.82034,0.0
210,0.447741,-0.863952,0.230463,0.728923,0.501945,0.465533,-0.517878,-0.040447,0.854497,0.899928,-0.026814,-0.435211,0.20645,0.905344,0.371118,0.384065,-0.423829,0.820281,0.0
211,0.450315,-0.86295,0.229201,0.73074,0.503703,0.460762,-0.513064,-0.040001,0.857417,0.899808,-0.026988,-0.435447,0.20669,0.90534,0.370995,0.384216,-0.423827,0.820211,0.0
212,0.450323,-0.862896,0.229387,0.730529,0.503793,0.460999,-0.513358,-0.040024,0.85724,0.899697,-0.027149,-0.435668,0.206913,0.905336,0.370879,0.384358,-0.423824,0.820146,0.0
213,0.45031,-0.862889,0.229439,0.730526,0.503809,0.460984,-0.513373,-0.039974,0.857233,0.89969,-0.027157,-0.435681,0.206915,0.905347,0.370851,0.384372,-0.423801,0.820152,0.0
214,0.439745,-0.868157,0.23006,0.736134,0.495154,0.461442,-0.514519,-0.033562,0.856821,0.899644,-0.027217,-0.435773,0.207002,0.905346,0.370807,0.384433,-0.4238,0.820123,0.0
215,0.429145,-0.874805,0.224832,0.742573,0.483417,0.463564,-0.514216,-0.031982,0.857063,0.899532,-0.027378,-0.435993,0.207225,0.905342,0.370691,0.384575,-0.423798,0.820058,0.0
216,0.423725,-0.877392,0.225033,0.745378,0.478911,0.46374,-0.514652,-0.028763,0.856916,0.899478,-0.027453,-0.4361,0.20732,0.905352,0.370615,0.38465,-0.423773,0.820036,0.0
217,0.410132,-0.88471,0.221537,0.756105,0.465663,0.45985,-0.509996,-0.021094,0.859917,0.899413,-0.02755,-0.436228,0.207452,0.90535,0.370546,0.384731,-0.423771,0.819999,0.0
218,0.416244,-0.884953,0.208802,0.763076,0.464863,0.449018,-0.494424,-0.02757,0.868782,0.899342,-0.027653,-0.436369,0.207584,0.905358,0.370451,0.384826,-0.423746,0.819967,0.0
219,0.419497,-0.884719,0.203205,0.766768,0.465172,0.442357,-0.485887,-0.029756,0.873513,0.899294,-0.027723,-0.436463,0.20768,0.905357,0.370401,0.384887,-0.423744,0.819939,0.0
220,0.422924,-0.885524,0.192303,0.772614,0.46327,0.434106,-0.4735,-0.035018,0.880096,0.899233,-0.027805,-0.436583,0.207777,0.905377,0.370297,0.384977,-0.423695,0.819923,0.0
221,0.421861,-0.88815,0.182269,0.774817,0.457555,0.436235,-0.470841,-0.042805,0.881178,0.899143,-0.027928,-0.43676,0.2079,0.905429,0.370099,0.38512,-0.423574,0.819918,0.0
222,0.420059,-0.890379,0.175426,0.774723,0.452507,0.441634,-0.472604,-0.049606,0.879877,0.898491,-0.025736,-0.438234,0.207203,0.904945,0.371673,0.387013,-0.424748,0.818418,0.0
223,0.419439,-0.891536,0.170977,0.77525,0.449782,0.443488,-0.472289,-0.053466,0.87982,0.898002,-0.023191,-0.439378,0.20615,0.904393,0.373596,0.388707,-0.426068,0.816928,0.0
224,0.724367,0.308389,0.616594,0.047194,0.870094,-0.49062,-0.687797,0.384488,0.615713,0.909199,0.386955,-0.153691,-0.184432,0.705241,0.684557,0.373283,-0.594054,0.712572,0.0
225,0.712508,0.308054,0.630423,0.06403,0.866175,-0.49562,-0.698735,0.3935,0.597433,0.907213,0.387542,-0.163628,-0.18347,0.714537,0.67511,0.378552,-0.582448,0.719341,0.0
226,0.700352,0.307331,0.644246,0.079471,0.863378,-0.498258,-0.709359,0.400155,0.580245,0.905726,0.387362,-0.172077,-0.18338,0.72412,0.664846,0.38214,-0.570613,0.726889,0.0
227,0.692165,0.302951,0.655078,0.093108,0.862573,-0.497289,-0.715708,0.405199,0.568836,0.906118,0.380773,-0.184284,-0.177096,0.737076,0.652192,0.384169,-0.558327,0.735312,0.0
