,r1,r2,r3,r4,r5,r6,r7,r8,r9,r10,r11,r12,r13,r14,r15,r16,r17,r18,status
0,0.285253,-0.198692,0.93763,0.738322,0.669348,-0.082778,-0.611154,0.715886,0.337632,0.245475,0.375315,-0.893801,-0.11951,0.926695,0.356304,0.962007,0.019355,0.272334,1.0
1,0.288641,-0.196325,0.937092,0.737949,0.669211,-0.087099,-0.610013,0.716667,0.338039,0.236324,0.380655,-0.894008,-0.142512,0.923699,0.355625,0.961166,0.043364,0.27254,1.0
2,0.292007,-0.196555,0.936,0.737523,0.669361,-0.089525,-0.608926,0.716464,0.340422,0.226498,0.385362,-0.894535,-0.152268,0.92112,0.358259,0.962035,0.055064,0.267311,1.0
3,0.294412,-0.196735,0.935209,0.737216,0.669466,-0.09125,-0.608139,0.716317,0.342135,0.225968,0.385257,-0.894714,-0.1522,0.921154,0.358202,0.96217,0.055234,0.266787,1.0
4,0.297666,-0.200505,0.933376,0.744349,0.66094,-0.095402,-0.597778,0.723156,0.345986,0.218541,0.388097,-0.895331,-0.150079,0.919961,0.362141,0.964217,0.055228,0.259295,1.0
5,0.300943,-0.204318,0.931497,0.751414,0.652255,-0.099694,-0.587205,0.729943,0.34982,0.212579,0.388447,-0.896614,-0.148415,0.919776,0.363294,0.965806,0.055843,0.253177,1.0
6,0.3047,-0.205489,0.930016,0.75827,0.643212,-0.106312,-0.576353,0.737598,0.351804,0.209204,0.387558,-0.897792,-0.147732,0.920097,0.362762,0.966647,0.056741,0.249743,1.0
7,0.30541,-0.209204,0.928955,0.765054,0.634746,-0.108578,-0.566935,0.743862,0.35391,0.20904,0.386748,-0.89818,-0.147917,0.920409,0.361893,0.966655,0.057207,0.249609,1.0
8,0.311393,-0.211331,0.926484,0.771579,0.625338,-0.116689,-0.554706,0.751193,0.357785,0.208438,0.385313,-0.898936,-0.148397,0.920942,0.360336,0.966711,0.058292,0.249139,1.0
9,0.313029,-0.213729,0.925382,0.785018,0.606639,-0.125437,-0.534563,0.765707,0.357677,0.213486,0.383041,-0.898722,-0.14481,0.922176,0.358638,0.966153,0.05358,0.25234,1.0
10,0.311015,-0.214179,0.925956,0.791927,0.597071,-0.12789,-0.525471,0.773067,0.355312,0.21294,0.382089,-0.899256,-0.145274,0.922516,0.357572,0.966204,0.054497,0.251948,1.0
11,0.31033,-0.216474,0.925652,0.805024,0.577727,-0.134781,-0.505598,0.787,0.353553,0.219958,0.38428,-0.89663,-0.136924,0.922203,0.36165,0.965851,0.043222,0.255464,1.0
12,0.310524,-0.216027,0.925692,0.817212,0.558084,-0.143896,-0.485528,0.80117,0.349839,0.229775,0.391291,-0.891119,-0.129818,0.919758,0.370393,0.964546,0.030576,0.262134,1.0
13,0.317246,-0.211507,0.924456,0.827302,0.538263,-0.160756,-0.4636,0.815804,0.345742,0.243636,0.399113,-0.88394,-0.123827,0.916745,0.379795,0.961929,0.016924,0.272773,1.0
14,0.320492,-0.209716,0.923744,0.834647,0.523667,-0.170692,-0.447938,0.825706,0.34287,0.247956,0.400827,-0.88196,-0.119638,0.916091,0.382704,0.961355,0.010622,0.275105,1.0
15,0.328472,-0.206742,0.921608,0.844937,0.5004,-0.188892,-0.422121,0.840748,0.339052,0.260156,0.396524,-0.880389,-0.105321,0.917999,0.38234,0.959804,-0.006745,0.280585,1.0
16,0.335603,-0.197882,0.920985,0.856376,0.471371,-0.210781,-0.392416,0.859448,0.327655,0.27293,0.388918,-0.879915,-0.086012,0.920843,0.380328,0.958181,-0.02812,0.284777,1.0
17,0.33652,-0.193765,0.921525,0.861892,0.457586,-0.218529,-0.379334,0.867795,0.320992,0.275683,0.386601,-0.880078,-0.084647,0.921764,0.378397,0.957514,-0.029821,0.286839,1.0
18,0.339093,-0.186874,0.922004,0.870111,0.43491,-0.23186,-0.35766,0.880869,0.310077,0.285864,0.381888,-0.878887,-0.075034,0.923264,0.376765,0.955328,-0.041757,0.292582,1.0
19,0.34382,-0.177616,0.922084,0.875494,0.415702,-0.246374,-0.339553,0.891988,0.298428,0.294228,0.378818,-0.877454,-0.065085,0.923904,0.377047,0.953516,-0.053829,0.296494,1.0
20,0.34725,-0.171886,0.921884,0.88088,0.396981,-0.257788,-0.321661,0.901587,0.289263,0.297549,0.379102,-0.876211,-0.06002,0.923393,0.379134,0.952818,-0.060221,0.297508,1.0
21,0.349029,-0.168941,0.921757,0.881578,0.392766,-0.261828,-0.317801,0.903987,0.286021,0.299716,0.377338,-0.876233,-0.054525,0.92373,0.379141,0.952468,-0.065858,0.297431,1.0
22,0.353781,-0.167515,0.920204,0.885109,0.377995,-0.271479,-0.302356,0.910526,0.281996,0.299482,0.376968,-0.876472,-0.054274,0.92388,0.378813,0.952556,-0.065878,0.297145,1.0
23,0.355659,-0.16984,0.919053,0.885964,0.374397,-0.273666,-0.297612,0.91158,0.28363,0.299339,0.376759,-0.876611,-0.054104,0.923963,0.378635,0.952611,-0.065912,0.296963,1.0
24,0.356679,-0.174333,0.917816,0.887558,0.369861,-0.274668,-0.291581,0.912584,0.286652,0.299193,0.376533,-0.876758,-0.05399,0.924057,0.378422,0.952663,-0.065885,0.2968,1.0
25,0.359584,-0.178774,0.915826,0.886902,0.370516,-0.275901,-0.290004,0.911458,0.291787,0.299151,0.376454,-0.876806,-0.053879,0.924084,0.37837,0.952683,-0.065948,0.296723,1.0
26,0.35728,-0.18212,0.916069,0.889591,0.365181,-0.274354,-0.284566,0.912948,0.292485,0.29916,0.376457,-0.876802,-0.053815,0.924078,0.378393,0.952683,-0.066015,0.296706,1.0
27,0.355418,-0.185222,0.916171,0.892133,0.359669,-0.273378,-0.278883,0.91451,0.293076,0.299085,0.376353,-0.876872,-0.053785,0.924123,0.378288,0.952709,-0.065978,0.296633,1.0
28,0.35384,-0.187456,0.916327,0.892966,0.359137,-0.271349,-0.278221,0.914264,0.294469,0.299055,0.376289,-0.876909,-0.053644,0.924142,0.378262,0.952726,-0.06608,0.296555,1.0
29,0.351314,-0.19118,0.91653,0.893897,0.359615,-0.267626,-0.278433,0.913305,0.297234,0.299064,0.3763,-0.876902,-0.05355,0.92413,0.378304,0.952728,-0.066179,0.296526,1.0
30,0.349582,-0.194,0.916599,0.89619,0.354509,-0.266766,-0.273191,0.914705,0.297791,0.299025,0.37622,-0.87695,-0.053427,0.924158,0.378255,0.952748,-0.066254,0.296447,1.0
31,0.350174,-0.198101,0.915495,0.897872,0.349421,-0.267823,-0.266838,0.915783,0.300228,0.299003,0.376187,-0.876972,-0.053392,0.92417,0.378229,0.952757,-0.066269,0.296415,1.0
32,0.34957,-0.198964,0.91554,0.898033,0.349724,-0.266884,-0.267086,0.915481,0.30093,0.29892,0.376057,-0.877056,-0.053351,0.924226,0.378099,0.952785,-0.066229,0.296333,1.0
33,0.349149,-0.199451,0.915594,0.898053,0.350218,-0.26617,-0.26757,0.915186,0.301396,0.300416,0.378271,-0.875591,-0.054025,0.92327,0.380333,0.952276,-0.066954,0.297802,1.0
34,0.348851,-0.199825,0.915626,0.898131,0.350357,-0.265724,-0.267698,0.915051,0.301691,0.300424,0.378283,-0.875583,-0.05403,0.923264,0.380345,0.952274,-0.066957,0.29781,1.0
35,0.350924,-0.202017,0.914352,0.897656,0.350554,-0.267066,-0.266578,0.914494,0.30436,0.301875,0.38044,-0.874149,-0.054713,0.922328,0.382514,0.951776,-0.067644,0.299242,1.0
36,0.350567,-0.20203,0.914486,0.897775,0.350508,-0.266726,-0.266649,0.914509,0.304254,0.301851,0.380404,-0.874173,-0.054701,0.922343,0.382478,0.951784,-0.067633,0.299218,1.0
37,0.350601,-0.202009,0.914478,0.897758,0.350526,-0.266759,-0.266661,0.914507,0.30425,0.30186,0.380424,-0.874161,-0.054707,0.922335,0.382497,0.951781,-0.067638,0.299228,1.0
38,0.350551,-0.2021,0.914477,0.897785,0.350509,-0.26669,-0.266634,0.914493,0.304314,0.301766,0.380289,-0.874252,-0.054686,0.922395,0.382354,0.951812,-0.067572,0.299144,1.0
39,0.350367,-0.202397,0.914482,0.897856,0.350537,-0.266415,-0.266639,0.914417,0.30454,0.301757,0.380269,-0.874264,-0.05468,0.922404,0.382335,0.951815,-0.067567,0.299135,1.0
40,0.350273,-0.202599,0.914473,0.897856,0.350692,-0.266213,-0.266765,0.914313,0.304742,0.301768,0.380279,-0.874255,-0.054659,0.922397,0.382353,0.951813,-0.067596,0.299136,1.0
41,0.350213,-0.202717,0.91447,0.897861,0.350765,-0.266097,-0.266822,0.914259,0.304855,0.301768,0.380279,-0.874255,-0.054659,0.922398,0.382353,0.951813,-0.067596,0.299136,1.0
42,0.350991,-0.206938,0.913225,0.899406,0.34585,-0.26731,-0.260522,0.915184,0.307512,0.301766,0.380289,-0.874252,-0.054687,0.922395,0.382354,0.951812,-0.067572,0.299144,1.0
43,0.353103,-0.208816,0.911983,0.898707,0.346679,-0.268585,-0.260081,0.914444,0.310078,0.301779,0.380295,-0.874245,-0.054665,0.922391,0.382369,0.951809,-0.0676,0.299147,1.0
44,0.35012,-0.212783,0.912216,0.900878,0.343247,-0.265703,-0.256579,0.914824,0.31187,0.301779,0.380295,-0.874245,-0.054665,0.922391,0.382369,0.951809,-0.0676,0.299147,1.0
45,0.35014,-0.212737,0.912218,0.900661,0.343985,-0.265483,-0.257312,0.914557,0.312048,0.301779,0.380295,-0.874245,-0.054665,0.922391,0.382369,0.951809,-0.0676,0.299147,1.0
46,0.35077,-0.216739,0.911034,0.901928,0.339942,-0.26639,-0.251962,0.91513,0.314725,0.301776,0.380305,-0.874242,-0.054692,0.922389,0.38237,0.951808,-0.067576,0.299155,1.0
47,0.349577,-0.218338,0.91111,0.903125,0.337308,-0.265681,-0.249316,0.915724,0.315103,0.301776,0.380305,-0.874242,-0.054692,0.922389,0.38237,0.951808,-0.067576,0.299155,1.0
48,0.351373,-0.220974,0.909783,0.903109,0.3362,-0.267137,-0.246839,0.915499,0.317695,0.301767,0.380285,-0.874253,-0.054686,0.922397,0.382351,0.951811,-0.067571,0.299145,1.0
49,0.350855,-0.221105,0.909951,0.90315,0.336647,-0.266433,-0.247423,0.915303,0.317806,0.301765,0.380294,-0.87425,-0.054713,0.922395,0.382352,0.951811,-0.067547,0.299153,1.0
50,0.350524,-0.22148,0.909988,0.903249,0.336752,-0.265966,-0.247535,0.915173,0.318092,0.301765,0.380294,-0.87425,-0.054713,0.922395,0.382352,0.951811,-0.067547,0.299153,1.0
51,0.350112,-0.221979,0.910025,0.903455,0.33658,-0.265484,-0.247365,0.915117,0.318389,0.301765,0.380294,-0.87425,-0.054713,0.922395,0.382352,0.951811,-0.067547,0.299153,1.0
52,0.349877,-0.222263,0.910046,0.903569,0.336493,-0.265205,-0.247279,0.915079,0.318562,0.301765,0.380294,-0.87425,-0.054713,0.922395,0.382352,0.951811,-0.067547,0.299153,1.0
53,0.348143,-0.224655,0.910124,0.904102,0.337077,-0.262635,-0.24778,0.91428,0.320462,0.301765,0.380294,-0.87425,-0.054713,0.922395,0.382352,0.951811,-0.067547,0.299153,1.0
54,0.348004,-0.224832,0.910133,0.904177,0.337,-0.262476,-0.247702,0.914265,0.320566,0.301754,0.380278,-0.874261,-0.054707,0.922402,0.382336,0.951814,-0.067543,0.299143,1.0
55,0.347789,-0.225098,0.91015,0.904282,0.336918,-0.26222,-0.247621,0.91423,0.320729,0.301754,0.380278,-0.874261,-0.054708,0.922402,0.382336,0.951814,-0.067543,0.299143,1.0
56,0.345863,-0.227739,0.910226,0.904901,0.337427,-0.259414,-0.248056,0.913387,0.322785,0.301754,0.380278,-0.874261,-0.054708,0.922402,0.382336,0.951814,-0.067543,0.299143,1.0
57,0.345636,-0.22802,0.910242,0.905021,0.337303,-0.259157,-0.247935,0.913363,0.322947,0.301766,0.380289,-0.874252,-0.054686,0.922396,0.382354,0.951812,-0.067572,0.299144,1.0
58,0.343682,-0.230694,0.910308,0.905643,0.337808,-0.256312,-0.24838,0.912505,0.325025,0.301766,0.380289,-0.874252,-0.054686,0.922396,0.382354,0.951812,-0.067572,0.299144,1.0
59,0.343554,-0.230851,0.910317,0.905711,0.337732,-0.256169,-0.248307,0.912493,0.325114,0.301754,0.380278,-0.874261,-0.054708,0.922402,0.382336,0.951814,-0.067543,0.299143,1.0
60,0.34322,-0.231264,0.910338,0.905874,0.337596,-0.255773,-0.248176,0.912439,0.325366,0.301765,0.380292,-0.874251,-0.054686,0.922394,0.382358,0.951812,-0.067573,0.299143,1.0
61,0.342888,-0.231681,0.910357,0.906035,0.337464,-0.255377,-0.248047,0.912382,0.325624,0.301753,0.380282,-0.874259,-0.054708,0.9224,0.38234,0.951815,-0.067544,0.299142,1.0
62,0.342751,-0.231852,0.910365,0.906094,0.337434,-0.255206,-0.248018,0.91235,0.325736,0.301753,0.380282,-0.874259,-0.054708,0.9224,0.38234,0.951815,-0.067544,0.299142,1.0
63,0.344804,-0.23407,0.909022,0.905691,0.337417,-0.256656,-0.246645,0.911789,0.328337,0.301744,0.380262,-0.874271,-0.054702,0.922409,0.38232,0.951818,-0.067539,0.299132,1.0
64,0.344403,-0.234084,0.90917,0.905839,0.337291,-0.256299,-0.246659,0.911833,0.328206,0.301754,0.380278,-0.874261,-0.054707,0.922402,0.382336,0.951814,-0.067543,0.299143,1.0
65,0.344103,-0.234432,0.909193,0.905974,0.337201,-0.255939,-0.246581,0.911776,0.328422,0.301764,0.380298,-0.874249,-0.054714,0.922393,0.382356,0.951811,-0.067548,0.299152,1.0
66,0.343936,-0.234637,0.909204,0.906048,0.337159,-0.255732,-0.246543,0.911739,0.328554,0.301764,0.380298,-0.874249,-0.054714,0.922393,0.382356,0.951811,-0.067548,0.299152,1.0
67,0.343586,-0.23507,0.909224,0.906217,0.337021,-0.255316,-0.246411,0.911678,0.328821,0.301754,0.380278,-0.874261,-0.054707,0.922402,0.382336,0.951814,-0.067543,0.299143,1.0
68,0.343071,-0.235704,0.909254,0.906464,0.336817,-0.254706,-0.246217,0.91159,0.32921,0.301753,0.380284,-0.874259,-0.054734,0.922401,0.382333,0.951813,-0.067519,0.299152,1.0
69,0.342874,-0.235943,0.909267,0.906552,0.336763,-0.254464,-0.246169,0.911548,0.329362,0.301753,0.380284,-0.874259,-0.054734,0.922401,0.382333,0.951813,-0.067519,0.299152,1.0
70,0.342512,-0.236391,0.909288,0.906733,0.336596,-0.254043,-0.246009,0.911494,0.329631,0.301752,0.380288,-0.874257,-0.054734,0.9224,0.382337,0.951814,-0.067519,0.299151,1.0
71,0.342144,-0.236842,0.909308,0.906909,0.336448,-0.253609,-0.24587,0.911431,0.329908,0.301752,0.380288,-0.874257,-0.054734,0.9224,0.382337,0.951814,-0.067519,0.299151,1.0
72,0.34026,-0.239427,0.909338,0.9075,0.336912,-0.250864,-0.246303,0.910584,0.331918,0.301752,0.380288,-0.874257,-0.054734,0.9224,0.382337,0.951814,-0.067519,0.299151,1.0
73,0.338624,-0.241706,0.909346,0.907958,0.337505,-0.248398,-0.24687,0.909762,0.333747,0.301742,0.380272,-0.874268,-0.054729,0.922407,0.382321,0.951817,-0.067514,0.299141,1.0
74,0.338295,-0.242102,0.909364,0.908118,0.337357,-0.248016,-0.246735,0.909712,0.333983,0.30173,0.380262,-0.874276,-0.05475,0.922413,0.382303,0.951819,-0.067486,0.299139,1.0
75,0.337843,-0.242651,0.909385,0.908337,0.337148,-0.247493,-0.246543,0.909643,0.334312,0.30173,0.380262,-0.874276,-0.05475,0.922413,0.382303,0.95182,-0.067486,0.299139,1.0
76,0.336041,-0.245133,0.909387,0.908865,0.337676,-0.244824,-0.247064,0.908781,0.336266,0.30173,0.380262,-0.874276,-0.05475,0.922413,0.382303,0.95182,-0.067486,0.299139,1.0
77,0.334289,-0.247545,0.909379,0.90937,0.338185,-0.242228,-0.247576,0.907937,0.338162,0.301721,0.380242,-0.874288,-0.054744,0.922422,0.382283,0.951823,-0.067481,0.29913,1.0
78,0.334154,-0.247705,0.909385,0.909439,0.338111,-0.242077,-0.24751,0.907922,0.338254,0.299458,0.381988,-0.874304,-0.060252,0.922099,0.382233,0.952204,-0.061785,0.299146,1.0
79,0.333896,-0.248021,0.909394,0.90956,0.338003,-0.241773,-0.247414,0.907876,0.338448,0.299471,0.382006,-0.874292,-0.060254,0.922091,0.382251,0.9522,-0.061793,0.299157,1.0
80,0.331967,-0.250656,0.909378,0.910145,0.338422,-0.238967,-0.247856,0.906996,0.340478,0.29946,0.381995,-0.874301,-0.060274,0.922097,0.382233,0.952202,-0.061766,0.299156,1.0
81,0.331809,-0.250844,0.909383,0.910221,0.338346,-0.238786,-0.247789,0.906972,0.34059,0.299442,0.381955,-0.874324,-0.060261,0.922114,0.382194,0.952209,-0.061757,0.299137,1.0
82,0.330068,-0.253876,0.909175,0.910782,0.33875,-0.23606,-0.248054,0.905977,0.343036,0.299462,0.381991,-0.874302,-0.060272,0.922099,0.382229,0.952202,-0.061767,0.299157,1.0
83,0.331965,-0.255496,0.908031,0.910396,0.338776,-0.237507,-0.246937,0.905512,0.345064,0.299462,0.38199,-0.874302,-0.060271,0.922099,0.382229,0.952202,-0.061769,0.299157,1.0
84,0.331655,-0.255513,0.908139,0.910502,0.338685,-0.237227,-0.246958,0.905541,0.344972,0.297173,0.383688,-0.87434,-0.065761,0.921758,0.382146,0.952556,-0.056065,0.299153,1.0
85,0.331404,-0.255809,0.908148,0.910617,0.338581,-0.236933,-0.246872,0.905496,0.345151,0.297188,0.383696,-0.874331,-0.065731,0.921753,0.382164,0.952553,-0.056104,0.299155,1.0
86,0.331345,-0.255876,0.90815,0.910644,0.338557,-0.236865,-0.246852,0.905486,0.345192,0.297189,0.383695,-0.874331,-0.065729,0.921753,0.382164,0.952553,-0.056106,0.299155,1.0
87,0.33117,-0.256079,0.908156,0.910724,0.338485,-0.236661,-0.246794,0.905456,0.345313,0.297169,0.383665,-0.874351,-0.065744,0.921767,0.382127,0.952558,-0.056073,0.299144,1.0
88,0.331159,-0.256069,0.908163,0.910726,0.338483,-0.236654,-0.246799,0.90546,0.345301,0.297159,0.383648,-0.874362,-0.065737,0.921775,0.382111,0.952562,-0.05607,0.299134,1.0
89,0.332961,-0.253578,0.908203,0.910209,0.337993,-0.239326,-0.246279,0.906343,0.343348,0.297169,0.383669,-0.87435,-0.065767,0.921767,0.382124,0.952557,-0.056052,0.299153,1.0
90,0.33311,-0.253399,0.908199,0.910137,0.338068,-0.239495,-0.246345,0.906365,0.343242,0.297149,0.383639,-0.87437,-0.065782,0.921782,0.382086,0.952562,-0.056019,0.299143,1.0
91,0.335011,-0.250805,0.90822,0.909568,0.33762,-0.242274,-0.24587,0.907253,0.341231,0.297113,0.38356,-0.874416,-0.065783,0.921817,0.382001,0.952573,-0.055976,0.299116,1.0
92,0.335278,-0.250492,0.908207,0.909443,0.337736,-0.242583,-0.245969,0.907296,0.341044,0.297063,0.383428,-0.874491,-0.065718,0.921872,0.381878,0.952593,-0.055972,0.299052,1.0
93,0.335247,-0.250528,0.908209,0.90945,0.337747,-0.242539,-0.245982,0.907282,0.341072,0.297007,0.383316,-0.87456,-0.065683,0.921921,0.381768,0.952613,-0.055944,0.298994,1.0
94,0.335242,-0.250541,0.908207,0.909453,0.337744,-0.242531,-0.245978,0.90728,0.341082,0.296978,0.383264,-0.874592,-0.065665,0.921943,0.381717,0.952623,-0.055931,0.298964,1.0
95,0.338149,-0.249361,0.907454,0.908722,0.337239,-0.245952,-0.244699,0.907793,0.340638,0.297004,0.383327,-0.874555,-0.065683,0.921916,0.381779,0.952614,-0.055947,0.298991,1.0
96,0.338945,-0.250001,0.906981,0.908555,0.337231,-0.246579,-0.244217,0.90762,0.341443,0.297041,0.383403,-0.87451,-0.065706,0.921883,0.381854,0.9526,-0.055966,0.299029,1.0
97,0.338924,-0.249985,0.906993,0.90856,0.337229,-0.246563,-0.244227,0.907625,0.341422,0.297041,0.383403,-0.87451,-0.065706,0.921883,0.381854,0.9526,-0.055966,0.299029,1.0
98,0.338787,-0.250147,0.907,0.908624,0.337175,-0.246402,-0.24418,0.907601,0.341521,0.294746,0.385077,-0.874551,-0.071169,0.921512,0.381769,0.952921,-0.050284,0.299017,1.0
99,0.339261,-0.254251,0.90568,0.908607,0.337874,-0.245506,-0.243585,0.906199,0.345642,0.294749,0.385072,-0.874552,-0.071163,0.921514,0.381766,0.95292,-0.050289,0.299019,1.0
100,0.339163,-0.254152,0.905745,0.908598,0.337978,-0.245395,-0.243754,0.906188,0.345552,0.294749,0.385072,-0.874551,-0.071163,0.921514,0.381766,0.95292,-0.050289,0.299019,1.0
101,0.339144,-0.254164,0.905749,0.908581,0.338067,-0.245339,-0.243848,0.906151,0.345582,0.29476,0.385087,-0.874541,-0.071167,0.921508,0.381781,0.952916,-0.050296,0.299029,1.0
102,0.341261,-0.255962,0.904446,0.908079,0.338277,-0.246898,-0.242757,0.905566,0.347875,0.29475,0.385071,-0.874552,-0.071161,0.921515,0.381766,0.95292,-0.050291,0.299019,1.0
103,0.341808,-0.260048,0.903073,0.907997,0.339143,-0.246013,-0.242296,0.904077,0.352045,0.29475,0.385071,-0.874552,-0.07116,0.921515,0.381766,0.95292,-0.050292,0.299019,1.0
104,0.342392,-0.263719,0.901787,0.907876,0.340001,-0.245274,-0.241925,0.902691,0.355838,0.29475,0.385071,-0.874552,-0.07116,0.921515,0.381766,0.95292,-0.050292,0.299019,1.0
105,0.345333,-0.265448,0.900156,0.907061,0.340515,-0.247567,-0.2408,0.90199,0.358369,0.294759,0.385091,-0.87454,-0.071166,0.921506,0.381786,0.952917,-0.050297,0.299028,1.0
106,0.346487,-0.266653,0.899356,0.906773,0.340734,-0.248319,-0.240226,0.901552,0.359854,0.29475,0.385071,-0.874552,-0.07116,0.921515,0.381766,0.95292,-0.050293,0.299019,1.0
107,0.346432,-0.266663,0.899375,0.906766,0.340818,-0.248227,-0.24033,0.901517,0.359872,0.294753,0.385062,-0.874555,-0.071133,0.921517,0.381765,0.952921,-0.050317,0.299011,1.0
108,0.344709,-0.269026,0.899333,0.907238,0.341475,-0.24559,-0.24103,0.900566,0.36178,0.292459,0.386737,-0.874586,-0.076595,0.921108,0.381696,0.953205,-0.044641,0.299009,1.0
109,0.344594,-0.269169,0.899334,0.907286,0.341449,-0.245445,-0.241011,0.900533,0.361875,0.292471,0.386755,-0.874574,-0.076595,0.9211,0.381716,0.953201,-0.044653,0.299018,1.0
110,0.344458,-0.269346,0.899333,0.907313,0.341534,-0.245227,-0.241102,0.900448,0.362025,0.29248,0.386775,-0.874562,-0.0766,0.921091,0.381735,0.953198,-0.044659,0.299028,1.0
111,0.34673,-0.271205,0.8979,0.90679,0.341671,-0.246964,-0.239808,0.899837,0.364394,0.29248,0.386775,-0.874562,-0.0766,0.921091,0.381735,0.953198,-0.044659,0.299028,1.0
112,0.345057,-0.273084,0.897975,0.907226,0.342269,-0.244524,-0.240573,0.899041,0.365851,0.292484,0.386766,-0.874565,-0.076596,0.921095,0.381728,0.953197,-0.044661,0.29903,1.0
113,0.343694,-0.275028,0.897904,0.907561,0.342923,-0.242353,-0.241258,0.898199,0.367465,0.292477,0.386742,-0.874578,-0.076588,0.921105,0.381704,0.9532,-0.044658,0.299022,1.0
114,0.343704,-0.275019,0.897903,0.907563,0.342902,-0.242374,-0.241235,0.89821,0.367454,0.292468,0.386722,-0.874589,-0.076582,0.921114,0.381685,0.953203,-0.044653,0.299012,1.0
115,0.343502,-0.275265,0.897905,0.90766,0.342812,-0.24214,-0.24116,0.898169,0.367604,0.29246,0.386702,-0.874601,-0.076576,0.921122,0.381665,0.953206,-0.044648,0.299003,1.0
116,0.341804,-0.27761,0.897832,0.908157,0.343287,-0.239591,-0.241701,0.897266,0.36945,0.292459,0.386705,-0.8746,-0.076575,0.921121,0.381669,0.953207,-0.044649,0.299002,1.0
117,0.341741,-0.27768,0.897834,0.908217,0.343143,-0.239566,-0.241563,0.897299,0.36946,0.292458,0.386709,-0.874599,-0.076575,0.92112,0.381672,0.953207,-0.04465,0.299001,1.0
118,0.339391,-0.275938,0.899261,0.908855,0.342629,-0.237877,-0.242474,0.898033,0.367073,0.292446,0.386699,-0.874607,-0.076597,0.921125,0.381654,0.953209,-0.044621,0.298999,1.0
119,0.335592,-0.276712,0.900448,0.909967,0.342405,-0.233917,-0.243591,0.89788,0.366707,0.292449,0.386689,-0.87461,-0.076569,0.921128,0.381653,0.95321,-0.044646,0.298991,1.0
120,0.333019,-0.280926,0.900098,0.910756,0.343028,-0.2299,-0.244175,0.896332,0.37009,0.292449,0.386689,-0.87461,-0.076569,0.921128,0.381653,0.95321,-0.044645,0.298991,1.0
121,0.332981,-0.281002,0.900088,0.910869,0.342666,-0.229991,-0.243802,0.896446,0.370058,0.292449,0.386689,-0.87461,-0.076569,0.921128,0.381653,0.95321,-0.044645,0.298991,1.0
122,0.331076,-0.283636,0.899965,0.911569,0.342542,-0.227388,-0.243781,0.895664,0.371962,0.292438,0.386677,-0.874619,-0.076564,0.921134,0.381641,0.953214,-0.044642,0.29898,1.0
123,0.329466,-0.285897,0.899841,0.912078,0.342726,-0.225056,-0.244057,0.894875,0.373677,0.290821,0.387847,-0.87464,-0.080378,0.920825,0.381601,0.953394,-0.040676,0.29897,1.0
124,0.329284,-0.286128,0.899834,0.912209,0.34247,-0.224915,-0.243812,0.894899,0.373779,0.29012,0.388335,-0.874657,-0.082023,0.920693,0.381568,0.953468,-0.038958,0.298964,1.0
125,0.325233,-0.286787,0.901097,0.913275,0.342402,-0.220654,-0.245256,0.894714,0.373276,0.290114,0.388314,-0.874668,-0.082013,0.920703,0.381548,0.953471,-0.038958,0.298955,1.0
126,0.321418,-0.292633,0.900585,0.914282,0.343504,-0.21469,-0.246529,0.892396,0.377958,0.290125,0.388329,-0.874658,-0.082016,0.920696,0.381564,0.953467,-0.038965,0.298966,1.0
127,0.318333,-0.294727,0.900998,0.915156,0.343474,-0.210981,-0.247288,0.891717,0.379061,0.290104,0.388302,-0.874677,-0.082031,0.920709,0.38153,0.953472,-0.038933,0.298954,1.0
128,0.316986,-0.293969,0.901721,0.915552,0.343005,-0.210026,-0.247553,0.892148,0.377872,0.290113,0.388322,-0.874665,-0.082037,0.9207,0.38155,0.953469,-0.038938,0.298963,1.0
129,0.31378,-0.298801,0.901254,0.916524,0.343279,-0.205286,-0.248042,0.890436,0.381572,0.290114,0.388318,-0.874667,-0.082035,0.920702,0.381546,0.953469,-0.038939,0.298964,1.0
130,0.310006,-0.299475,0.902336,0.917522,0.342904,-0.201417,-0.249095,0.890354,0.381077,0.290097,0.388278,-0.87469,-0.082023,0.920719,0.381506,0.953475,-0.038929,0.298946,1.0
131,0.308559,-0.301608,0.902121,0.917933,0.343057,-0.199272,-0.249377,0.889575,0.38271,0.290096,0.388283,-0.874688,-0.082049,0.920718,0.381504,0.953473,-0.038905,0.298955,1.0
132,0.304558,-0.302234,0.90327,0.919003,0.342497,-0.195264,-0.250352,0.889578,0.382065,0.290087,0.388263,-0.8747,-0.082043,0.920726,0.381484,0.953476,-0.038901,0.298945,1.0
133,0.299267,-0.305295,0.904009,0.92038,0.342257,-0.189102,-0.251672,0.888625,0.383413,0.290066,0.388236,-0.874719,-0.082059,0.920739,0.38145,0.953481,-0.038867,0.298934,1.0
134,0.296517,-0.309505,0.903483,0.921187,0.342288,-0.18507,-0.251972,0.887155,0.386607,0.291529,0.390555,-0.873199,-0.082727,0.919725,0.383745,0.952977,-0.039635,0.300436,1.0
135,0.294254,-0.307688,0.904843,0.921738,0.341605,-0.183586,-0.252612,0.88805,0.384126,0.291519,0.390534,-0.873211,-0.082722,0.919734,0.383724,0.952981,-0.039629,0.300426,1.0
136,0.28902,-0.310621,0.905528,0.923027,0.34133,-0.17752,-0.253943,0.887134,0.385363,0.291518,0.390538,-0.87321,-0.082722,0.919733,0.383728,0.952981,-0.03963,0.300425,1.0
137,0.28771,-0.312853,0.905176,0.923506,0.340986,-0.175682,-0.25369,0.886482,0.387028,0.289101,0.392063,-0.87333,-0.088149,0.919313,0.383526,0.953231,-0.033894,0.300334,1.0
138,0.285663,-0.311671,0.906232,0.92227,0.34637,-0.171595,-0.26041,0.884809,0.386389,0.289069,0.392016,-0.873362,-0.088144,0.919334,0.383477,0.953241,-0.033869,0.300305,1.0
139,0.283685,-0.3111,0.907049,0.921104,0.351414,-0.167553,-0.266624,0.88302,0.386247,0.290469,0.394237,-0.871896,-0.08875,0.918354,0.385677,0.952759,-0.034647,0.301742,1.0
140,0.282035,-0.31368,0.906674,0.921581,0.35131,-0.16513,-0.266726,0.882147,0.388164,0.290387,0.394095,-0.871988,-0.088702,0.918417,0.385539,0.952788,-0.034608,0.301654,1.0
141,0.283664,-0.3124,0.906609,0.919655,0.356413,-0.164933,-0.271603,0.880553,0.388402,0.291759,0.396286,-0.870536,-0.089332,0.917446,0.3877,0.95231,-0.035348,0.303074,1.0
142,0.282076,-0.315772,0.905936,0.918391,0.361973,-0.159785,-0.277469,0.877076,0.392106,0.291805,0.396353,-0.87049,-0.089352,0.917416,0.387767,0.952294,-0.035372,0.303122,1.0
143,0.278525,-0.317307,0.906498,0.917384,0.367291,-0.153305,-0.284304,0.874307,0.393392,0.29316,0.398525,-0.869042,-0.090006,0.916447,0.389902,0.951817,-0.036085,0.304536,1.0
144,0.277485,-0.320329,0.905753,0.915975,0.372604,-0.148842,-0.28981,0.87095,0.396806,0.29314,0.398491,-0.869064,-0.089994,0.916462,0.389869,0.951824,-0.036076,0.304513,1.0
145,0.278255,-0.321933,0.904949,0.912459,0.382852,-0.144365,-0.299986,0.8659,0.400281,0.293072,0.39838,-0.869138,-0.089959,0.916511,0.38976,0.951848,-0.036041,0.304442,1.0
146,0.276365,-0.320913,0.905889,0.910991,0.387732,-0.140567,-0.306133,0.864105,0.399505,0.293072,0.39838,-0.869138,-0.089959,0.916512,0.38976,0.951848,-0.036041,0.304442,1.0
147,0.275966,-0.323719,0.905013,0.909479,0.392559,-0.136911,-0.310951,0.860873,0.402748,0.293002,0.398279,-0.869208,-0.089951,0.916558,0.389653,0.951871,-0.035983,0.304379,1.0
148,0.273704,-0.325523,0.905052,0.906137,0.40278,-0.129164,-0.322491,0.855454,0.405211,0.292982,0.398248,-0.869229,-0.089967,0.916573,0.389615,0.951875,-0.035949,0.304368,1.0
149,0.271924,-0.324472,0.905965,0.90464,0.407222,-0.12568,-0.32815,0.853749,0.404264,0.290632,0.399924,-0.869248,-0.095368,0.916046,0.389568,0.952069,-0.030322,0.304373,1.0
150,0.272091,-0.326856,0.905058,0.902671,0.412561,-0.122379,-0.333392,0.850269,0.407298,0.290609,0.399917,-0.869259,-0.0954,0.91605,0.38955,0.952073,-0.030279,0.304365,1.0
151,0.273283,-0.328512,0.904099,0.898627,0.422515,-0.118105,-0.343197,0.844724,0.410676,0.290591,0.399884,-0.86928,-0.095386,0.916065,0.389519,0.95208,-0.030274,0.304344,1.0
152,0.273836,-0.329452,0.903589,0.896574,0.42747,-0.115854,-0.34809,0.841861,0.412435,0.290592,0.399884,-0.86928,-0.095385,0.916065,0.389519,0.95208,-0.030274,0.304344,1.0
153,0.271953,-0.329036,0.904309,0.894938,0.431908,-0.111983,-0.353732,0.839755,0.411926,0.288278,0.401514,-0.869299,-0.10068,0.915517,0.389474,0.952238,-0.024755,0.304348,1.0
154,0.27436,-0.327095,0.904286,0.892436,0.436859,-0.112746,-0.358168,0.837951,0.411768,0.288201,0.401523,-0.86932,-0.100834,0.915519,0.389432,0.952245,-0.024578,0.30434,1.0
155,0.27834,-0.320004,0.905606,0.89198,0.435812,-0.120154,-0.356225,0.841228,0.406742,0.288203,0.401522,-0.86932,-0.100829,0.915519,0.389432,0.952245,-0.024583,0.30434,1.0
156,0.279994,-0.317085,0.906123,0.891686,0.43559,-0.123105,-0.355664,0.842447,0.404703,0.288204,0.401521,-0.86932,-0.100828,0.915519,0.389432,0.952245,-0.024584,0.30434,1.0
157,0.283556,-0.310912,0.907154,0.890892,0.435441,-0.129233,-0.354833,0.844821,0.400461,0.288195,0.401505,-0.869331,-0.100821,0.915526,0.389417,0.952248,-0.024581,0.30433,1.0
158,0.288617,-0.302082,0.90854,0.889815,0.434934,-0.138057,-0.353451,0.848279,0.394326,0.288169,0.401451,-0.869364,-0.100803,0.91555,0.389365,0.952259,-0.024568,0.3043,1.0
159,0.291996,-0.296186,0.909401,0.889067,0.434559,-0.143934,-0.352557,0.850548,0.390219,0.288169,0.401451,-0.869364,-0.100803,0.91555,0.389366,0.952259,-0.024569,0.3043,1.0
160,0.299209,-0.283685,0.91104,0.887237,0.434049,-0.156235,-0.351115,0.855057,0.381567,0.288162,0.401427,-0.869378,-0.100795,0.915561,0.389342,0.952261,-0.024564,0.304292,1.0
161,0.30787,-0.277078,0.910188,0.889503,0.423316,-0.172008,-0.337638,0.862572,0.376788,0.288156,0.401401,-0.869392,-0.100763,0.915571,0.389325,0.952267,-0.024584,0.304273,1.0
162,0.312314,-0.273819,0.90966,0.892648,0.412203,-0.182395,-0.325022,0.868971,0.37316,0.288156,0.401401,-0.869392,-0.100762,0.915571,0.389326,0.952267,-0.024584,0.304273,1.0
163,0.321575,-0.268757,0.907941,0.894424,0.400948,-0.198104,-0.310795,0.875791,0.369318,0.288145,0.401391,-0.8694,-0.100784,0.915577,0.389307,0.952268,-0.024556,0.304272,1.0
164,0.32866,-0.264054,0.906784,0.896401,0.389549,-0.211461,-0.2974,0.882341,0.364727,0.288156,0.401401,-0.869392,-0.100762,0.915571,0.389326,0.952267,-0.024584,0.304273,1.0
165,0.33485,-0.2629,0.904852,0.898358,0.378808,-0.222386,-0.2843,0.887348,0.363023,0.288156,0.401401,-0.869392,-0.100762,0.915571,0.389326,0.952267,-0.024584,0.304273,1.0
166,0.336763,-0.263941,0.903838,0.899459,0.374093,-0.225888,-0.278499,0.889037,0.363386,0.288156,0.401401,-0.869392,-0.100762,0.915571,0.389326,0.952267,-0.024584,0.304273,1.0
167,0.343565,-0.261787,0.901903,0.899003,0.369397,-0.235239,-0.271578,0.891634,0.362259,0.288156,0.401401,-0.869392,-0.100762,0.915571,0.389326,0.952267,-0.024584,0.304273,1.0
168,0.348314,-0.26407,0.899413,0.901997,0.355544,-0.244926,-0.255104,0.896579,0.362031,0.288159,0.401392,-0.869395,-0.100735,0.915575,0.389324,0.952269,-0.024609,0.304265,1.0
169,0.351798,-0.262594,0.898488,0.902093,0.351382,-0.250513,-0.24993,0.898651,0.3605,0.285764,0.403035,-0.869425,-0.106168,0.914988,0.38926,0.9524,-0.018931,0.30426,1.0
170,0.356995,-0.262324,0.896515,0.904443,0.337011,-0.261542,-0.233527,0.904217,0.357569,0.285751,0.402995,-0.869448,-0.10615,0.915005,0.389224,0.952406,-0.018929,0.304241,1.0
171,0.3627,-0.26424,0.893658,0.904967,0.328771,-0.270078,-0.222444,0.906689,0.358374,0.285714,0.402929,-0.86949,-0.106126,0.915035,0.389162,0.952419,-0.018913,0.3042,1.0
172,0.369105,-0.264311,0.89101,0.905082,0.320044,-0.279996,-0.211156,0.909786,0.357353,0.28567,0.402843,-0.869545,-0.106096,0.915074,0.389079,0.952436,-0.018892,0.304149,1.0
173,0.371109,-0.265954,0.889688,0.905577,0.31563,-0.283385,-0.205445,0.910849,0.357975,0.285642,0.402794,-0.869577,-0.10608,0.915095,0.389032,0.952446,-0.018879,0.304118,1.0
174,0.375321,-0.269085,0.886976,0.906389,0.306719,-0.290486,-0.193887,0.912971,0.359013,0.285599,0.402701,-0.869634,-0.106052,0.915137,0.388942,0.952462,-0.018855,0.304069,1.0
175,0.379615,-0.272094,0.884226,0.907109,0.297272,-0.297963,-0.181782,0.915201,0.359668,0.285565,0.402626,-0.86968,-0.106056,0.915171,0.388862,0.952472,-0.018811,0.304042,1.0
176,0.37976,-0.271779,0.884261,0.908048,0.292114,-0.300194,-0.176719,0.916954,0.357722,0.285541,0.402566,-0.869716,-0.106039,0.915197,0.388803,0.952481,-0.018795,0.304014,1.0
177,0.383354,-0.271596,0.882765,0.90666,0.292883,-0.303621,-0.176085,0.916763,0.358523,0.283124,0.404148,-0.869772,-0.111458,0.914599,0.388696,0.952584,-0.013106,0.303991,1.0
178,0.38136,-0.274106,0.882853,0.908395,0.288203,-0.302913,-0.17141,0.917499,0.358906,0.283112,0.404106,-0.869795,-0.111441,0.914617,0.388657,0.952589,-0.013102,0.303973,1.0
179,0.378811,-0.277189,0.882988,0.909353,0.288783,-0.299467,-0.171983,0.91639,0.361457,0.283131,0.404142,-0.869773,-0.111449,0.914602,0.388692,0.952583,-0.013115,0.303993,1.0
180,0.378474,-0.27761,0.882999,0.909518,0.288654,-0.29909,-0.171851,0.916302,0.36174,0.283139,0.404162,-0.869761,-0.111454,0.914593,0.388712,0.95258,-0.013121,0.304002,1.0
181,0.375249,-0.281683,0.883086,0.910595,0.290059,-0.294417,-0.173214,0.914615,0.365344,0.28315,0.404173,-0.869752,-0.111432,0.914587,0.38873,0.952579,-0.01315,0.304003,1.0
182,0.373315,-0.284093,0.883134,0.911282,0.290622,-0.291724,-0.173782,0.913689,0.367382,0.28315,0.404173,-0.869752,-0.111432,0.914588,0.38873,0.952579,-0.01315,0.304003,1.0
183,0.373086,-0.284369,0.883142,0.911395,0.290517,-0.291476,-0.173681,0.913637,0.36756,0.28315,0.404173,-0.869752,-0.111432,0.914588,0.38873,0.952579,-0.01315,0.304003,1.0
184,0.371122,-0.286743,0.883202,0.91209,0.291036,-0.288772,-0.174241,0.91273,0.369545,0.283149,0.404176,-0.869751,-0.111432,0.914586,0.388734,0.952579,-0.013152,0.304002,1.0
185,0.369709,-0.286949,0.883727,0.912654,0.290561,-0.287464,-0.174289,0.912816,0.369309,0.283156,0.404199,-0.869738,-0.111437,0.914576,0.388757,0.952577,-0.013158,0.30401,1.0
186,0.367733,-0.286472,0.884706,0.913374,0.289991,-0.285748,-0.174698,0.913147,0.368296,0.283166,0.404214,-0.869728,-0.111415,0.914569,0.388779,0.952577,-0.013188,0.30401,1.0
187,0.367546,-0.286703,0.884709,0.913488,0.289785,-0.285593,-0.174495,0.91314,0.36841,0.283148,0.404181,-0.869749,-0.111404,0.914583,0.388748,0.952583,-0.01318,0.30399,1.0
188,0.36679,-0.287497,0.884765,0.913903,0.289141,-0.284916,-0.17391,0.913095,0.368799,0.28313,0.404146,-0.869771,-0.111366,0.914599,0.388723,0.952593,-0.013196,0.303958,1.0
189,0.364092,-0.28628,0.886272,0.914867,0.28823,-0.282736,-0.174509,0.913764,0.366851,0.283096,0.404071,-0.869817,-0.111317,0.914632,0.388659,0.952609,-0.013202,0.303909,1.0
190,0.364061,-0.286587,0.886186,0.914977,0.287803,-0.282816,-0.173996,0.913803,0.366998,0.283088,0.404049,-0.86983,-0.111284,0.914641,0.388646,0.952615,-0.013223,0.303889,1.0
191,0.363948,-0.286741,0.886183,0.91507,0.287556,-0.282768,-0.173746,0.913833,0.367044,0.283097,0.404069,-0.869818,-0.11129,0.914632,0.388666,0.952612,-0.013228,0.303898,1.0
192,0.363323,-0.287444,0.886211,0.915428,0.286941,-0.282231,-0.173165,0.913805,0.367387,0.283108,0.40408,-0.869809,-0.111269,0.914627,0.388684,0.952611,-0.013257,0.303899,1.0
193,0.361192,-0.29001,0.886247,0.916207,0.287209,-0.279419,-0.173504,0.91291,0.369447,0.283097,0.404067,-0.869819,-0.111264,0.914632,0.388672,0.952615,-0.013252,0.303888,1.0
194,0.361195,-0.290014,0.886244,0.916214,0.287169,-0.279437,-0.173462,0.912921,0.369439,0.283105,0.404087,-0.869806,-0.11127,0.914623,0.388692,0.952612,-0.013257,0.303897,1.0
195,0.359306,-0.292303,0.88626,0.916849,0.287666,-0.27683,-0.174029,0.912034,0.371358,0.283085,0.404058,-0.869826,-0.11126,0.914636,0.388664,0.952619,-0.013248,0.303875,1.0
196,0.358787,-0.292856,0.886287,0.917079,0.287479,-0.276261,-0.173884,0.911915,0.371716,0.280669,0.405648,-0.86987,-0.116655,0.913997,0.388587,0.952689,-0.00759,0.303851,1.0
197,0.358464,-0.293204,0.886303,0.917228,0.287335,-0.275917,-0.173767,0.911849,0.371934,0.280662,0.405626,-0.869882,-0.116622,0.914007,0.388574,0.952695,-0.007611,0.303831,1.0
198,0.357798,-0.293927,0.886333,0.917534,0.287039,-0.275205,-0.173522,0.911709,0.37239,0.280644,0.405592,-0.869904,-0.116609,0.914022,0.388543,0.952701,-0.007604,0.303811,1.0
199,0.357307,-0.294473,0.88635,0.917761,0.286819,-0.274679,-0.173337,0.911602,0.372738,0.280644,0.405596,-0.869902,-0.116608,0.91402,0.388546,0.952702,-0.007605,0.303809,1.0
200,0.357012,-0.294814,0.886355,0.917893,0.286711,-0.274351,-0.173245,0.911526,0.372967,0.280635,0.405579,-0.869913,-0.116603,0.914028,0.388531,0.952705,-0.007601,0.303799,1.0
201,0.35693,-0.294919,0.886353,0.917932,0.286673,-0.274261,-0.173209,0.911504,0.373038,0.280643,0.405599,-0.869901,-0.116608,0.914019,0.38855,0.952702,-0.007606,0.303809,1.0
202,0.356873,-0.295016,0.886344,0.917965,0.28662,-0.274204,-0.17315,0.911489,0.373101,0.280661,0.405631,-0.86988,-0.116593,0.914004,0.388588,0.952698,-0.00764,0.303819,1.0
203,0.356772,-0.29515,0.88634,0.918008,0.286598,-0.274082,-0.173128,0.911453,0.3732,0.280677,0.405671,-0.869856,-0.116604,0.913986,0.388627,0.952692,-0.00765,0.303838,1.0
204,0.356741,-0.295194,0.886338,0.918023,0.286584,-0.274048,-0.173113,0.911443,0.373231,0.280685,0.405691,-0.869844,-0.116609,0.913977,0.388647,0.952689,-0.007655,0.303847,1.0
205,0.356458,-0.295505,0.886348,0.918153,0.286458,-0.273746,-0.173008,0.911382,0.373429,0.280692,0.405713,-0.869832,-0.116588,0.913968,0.388676,0.95269,-0.007687,0.303845,1.0
206,0.354518,-0.297837,0.886346,0.918788,0.286971,-0.271064,-0.173623,0.910461,0.375386,0.280706,0.405757,-0.869807,-0.116547,0.913947,0.388736,0.952691,-0.007747,0.30384,1.0
207,0.354491,-0.297864,0.886347,0.918801,0.286954,-0.271038,-0.173609,0.910457,0.375401,0.28071,0.405745,-0.869811,-0.116467,0.913952,0.388748,0.9527,-0.007821,0.303811,1.0
208,0.354256,-0.298116,0.886356,0.918907,0.286848,-0.270788,-0.173523,0.910408,0.375558,0.280713,0.405732,-0.869816,-0.116388,0.913957,0.38876,0.952708,-0.007894,0.303782,1.0
209,0.353904,-0.298493,0.88637,0.919067,0.28669,-0.270414,-0.173397,0.910335,0.375796,0.280715,0.405728,-0.869817,-0.116387,0.913959,0.388757,0.952708,-0.007894,0.303783,1.0
210,0.353735,-0.298677,0.886375,0.919148,0.28659,-0.270244,-0.173311,0.910306,0.375906,0.280725,0.405741,-0.869808,-0.116392,0.913954,0.388769,0.952704,-0.007899,0.303795,1.0
211,0.353643,-0.298772,0.88638,0.919189,0.28655,-0.270147,-0.173279,0.910288,0.375965,0.280669,0.405648,-0.869869,-0.116364,0.913995,0.38868,0.952724,-0.007869,0.303732,1.0
212,0.353391,-0.29904,0.886391,0.919303,0.286436,-0.269878,-0.17319,0.910235,0.376132,0.280715,0.405728,-0.869817,-0.116387,0.913959,0.388757,0.952708,-0.007894,0.303783,1.0
213,0.353217,-0.299227,0.886397,0.919382,0.286358,-0.269694,-0.173127,0.910198,0.376251,0.280715,0.405728,-0.869817,-0.116386,0.913959,0.388757,0.952708,-0.007895,0.303783,1.0
214,0.353114,-0.299338,0.8864,0.919428,0.286312,-0.269584,-0.17309,0.910176,0.37632,0.280715,0.405728,-0.869817,-0.116386,0.913959,0.388757,0.952708,-0.007895,0.303783,1.0
215,0.351239,-0.3016,0.886378,0.92003,0.286817,-0.266981,-0.173707,0.90927,0.378223,0.278304,0.407343,-0.869837,-0.121815,0.913272,0.388708,0.952736,-0.00222,0.303788,1.0
216,0.351092,-0.301756,0.886383,0.920097,0.286748,-0.266827,-0.173652,0.90924,0.37832,0.278307,0.407341,-0.869837,-0.121811,0.913272,0.388708,0.952736,-0.002224,0.303789,1.0
217,0.35075,-0.302119,0.886396,0.92025,0.286593,-0.266464,-0.173531,0.909168,0.378548,0.278307,0.407341,-0.869837,-0.12181,0.913272,0.388708,0.952736,-0.002225,0.303789,1.0
218,0.350576,-0.302307,0.8864,0.920328,0.286515,-0.266279,-0.173469,0.909131,0.378667,0.278307,0.407341,-0.869837,-0.12181,0.913272,0.388708,0.952736,-0.002225,0.303789,1.0
219,0.350098,-0.302823,0.886413,0.920542,0.286298,-0.26577,-0.173298,0.909027,0.378994,0.278307,0.407341,-0.869837,-0.12181,0.913272,0.388708,0.952736,-0.002225,0.303789,1.0
220,0.349736,-0.303212,0.886423,0.920709,0.286111,-0.265396,-0.173144,0.908957,0.379233,0.278253,0.407244,-0.8699,-0.121781,0.913316,0.388615,0.952755,-0.002197,0.303728,1.0
221,0.349578,-0.303384,0.886427,0.92078,0.286039,-0.265228,-0.173087,0.908922,0.379343,0.278243,0.407233,-0.869908,-0.121802,0.913321,0.388597,0.952756,-0.002168,0.303727,1.0
222,0.349124,-0.303871,0.886438,0.921005,0.285713,-0.264796,-0.172803,0.908862,0.379616,0.278243,0.407233,-0.869908,-0.121802,0.913321,0.388597,0.952756,-0.002168,0.303727,1.0
223,0.347198,-0.306194,0.886395,0.921647,0.286039,-0.262197,-0.173261,0.907979,0.381515,0.278235,0.407213,-0.86992,-0.121796,0.91333,0.388577,0.952759,-0.002163,0.303717,1.0
224,0.34532,-0.30848,0.886336,0.922303,0.28617,-0.259735,-0.17352,0.907163,0.383333,0.278243,0.407233,-0.869908,-0.121802,0.913321,0.388597,0.952756,-0.002168,0.303727,1.0
225,0.345106,-0.308725,0.886335,0.922455,0.285774,-0.259631,-0.173137,0.907205,0.383407,0.278254,0.407244,-0.8699,-0.12178,0.913316,0.388615,0.952755,-0.002197,0.303728,1.0
226,0.342604,-0.307282,0.887806,0.923317,0.284664,-0.257782,-0.173515,0.908044,0.381245,0.278245,0.407227,-0.86991,-0.121774,0.913324,0.3886,0.952759,-0.002194,0.303718,1.0
227,0.340853,-0.309819,0.887598,0.924047,0.284225,-0.255641,-0.173075,0.907319,0.383166,0.275828,0.408825,-0.869931,-0.127194,0.912605,0.38855,0.952754,0.003477,0.303722,1.0
228,0.338724,-0.307898,0.88908,0.92469,0.283507,-0.25411,-0.173821,0.908197,0.380741,0.27583,0.408823,-0.869931,-0.127189,0.912606,0.38855,0.952754,0.003472,0.303722,1.0
229,0.337388,-0.310058,0.888837,0.925247,0.283197,-0.25242,-0.173452,0.907558,0.382428,0.275823,0.408806,-0.869941,-0.127181,0.912614,0.388535,0.952757,0.003473,0.303712,1.0
