,r1,r2,r3,r4,r5,r6,r7,r8,r9,r10,r11,r12,r13,r14,r15,r16,r17,r18,status
0,0.938472,-0.317973,-0.134765,0.312046,0.613542,0.725391,-0.147971,-0.722812,0.675015,0.993586,-0.098593,0.055361,0.044897,0.79335,0.607107,-0.103777,-0.600727,0.792689,1.0
1,0.939748,-0.31421,-0.1347,0.309422,0.614226,0.725936,-0.14536,-0.723876,0.674442,0.993605,-0.099027,0.05423,0.045927,0.793287,0.607112,-0.103141,-0.60074,0.792762,1.0
2,0.939322,-0.315673,-0.134251,0.309836,0.612781,0.72698,-0.147221,-0.724465,0.673406,0.993485,-0.099261,0.055976,0.044996,0.792985,0.607575,-0.104696,-0.601099,0.792286,1.0
3,0.938938,-0.316863,-0.134138,0.310237,0.610984,0.72832,-0.148821,-0.725462,0.671979,0.993495,-0.099456,0.055454,0.045466,0.79295,0.607587,-0.104401,-0.601114,0.792314,1.0
4,0.937971,-0.319774,-0.133991,0.311452,0.607317,0.730865,-0.152337,-0.727262,0.66924,0.993513,-0.099875,0.05436,0.04646,0.792872,0.607613,-0.103786,-0.601146,0.79237,1.0
5,0.938457,-0.318379,-0.133909,0.309668,0.603863,0.734475,-0.152979,-0.730741,0.665292,0.993394,-0.10015,0.056012,0.045616,0.792562,0.608082,-0.105292,-0.60151,0.791895,1.0
6,0.937923,-0.319952,-0.133898,0.310466,0.60237,0.735364,-0.154626,-0.731286,0.664312,0.993404,-0.100344,0.055483,0.046091,0.792526,0.608092,-0.10499,-0.601524,0.791924,1.0
7,0.938074,-0.319616,-0.133644,0.309091,0.59796,0.73953,-0.156452,-0.735043,0.659722,0.993275,-0.100432,0.057588,0.044826,0.792266,0.608526,-0.106741,-0.601853,0.791441,1.0
8,0.935406,-0.327212,-0.133962,0.312501,0.58787,0.746157,-0.1654,-0.739824,0.652151,0.993291,-0.100733,0.056792,0.045547,0.79221,0.608546,-0.106292,-0.601876,0.791483,1.0
9,0.934005,-0.33086,-0.134778,0.313349,0.577475,0.753879,-0.171597,-0.746359,0.64304,0.993313,-0.101203,0.05556,0.046664,0.792121,0.608577,-0.1056,-0.601914,0.791547,1.0
10,0.932256,-0.335604,-0.135153,0.31546,0.571107,0.757839,-0.177148,-0.749136,0.638289,0.99318,-0.101275,0.057755,0.045331,0.791861,0.609016,-0.107412,-0.602244,0.791052,1.0
11,0.929484,-0.345844,-0.128254,0.313958,0.559263,0.767238,-0.193617,-0.753402,0.628407,0.993201,-0.101656,0.056714,0.046269,0.791823,0.608995,-0.106816,-0.60223,0.791144,1.0
12,0.927996,-0.353061,-0.119041,0.309644,0.5531,0.773434,-0.207228,-0.754604,0.622598,0.993062,-0.101622,0.059152,0.044704,0.791585,0.609421,-0.108755,-0.602549,0.790637,1.0
13,0.927785,-0.355154,-0.114362,0.306875,0.552009,0.775314,-0.212228,-0.754421,0.621134,0.993068,-0.101722,0.058886,0.044942,0.79155,0.609448,-0.108606,-0.602577,0.790635,1.0
14,0.923623,-0.368457,-0.105637,0.307834,0.548838,0.777183,-0.228381,-0.750343,0.620343,0.993087,-0.102097,0.057909,0.04583,0.791479,0.609475,-0.108059,-0.602608,0.790687,1.0
15,0.919824,-0.379198,-0.100657,0.310555,0.54695,0.777432,-0.239747,-0.74636,0.620859,0.992744,-0.103945,0.060436,0.045969,0.792569,0.608047,-0.111103,-0.600858,0.791597,1.0
16,0.913477,-0.396442,-0.091605,0.314094,0.543934,0.778125,-0.258654,-0.739573,0.621392,0.992766,-0.104224,0.059595,0.046695,0.792492,0.608092,-0.110606,-0.60091,0.791626,1.0
17,0.906725,-0.412815,-0.086207,0.31993,0.540166,0.778373,-0.274758,-0.733351,0.621854,0.992772,-0.10432,0.059333,0.046929,0.792472,0.6081,-0.110457,-0.60092,0.79164,1.0
18,0.901629,-0.425315,-0.078555,0.3211,0.536569,0.780376,-0.289755,-0.728834,0.620356,0.992794,-0.10474,0.058217,0.047936,0.792388,0.60813,-0.109826,-0.600958,0.791699,1.0
19,0.879628,-0.4711,-0.065707,0.337751,0.521341,0.783662,-0.334927,-0.711525,0.617701,0.992664,-0.104912,0.060094,0.046871,0.792092,0.608599,-0.111449,-0.601318,0.791199,1.0
20,0.859968,-0.507596,-0.052917,0.349773,0.510708,0.785388,-0.371635,-0.693918,0.616736,0.992675,-0.105122,0.059534,0.047376,0.79205,0.608614,-0.111133,-0.601336,0.791229,1.0
21,0.823638,-0.566327,-0.029868,0.367442,0.492792,0.788759,-0.431978,-0.660627,0.613975,0.992699,-0.105612,0.058257,0.048536,0.791953,0.608649,-0.110417,-0.601378,0.791297,1.0
22,0.781542,-0.623825,-0.005765,0.382071,0.471321,0.794906,-0.493165,-0.623456,0.606703,0.992571,-0.105897,0.059899,0.0477,0.791636,0.609127,-0.111923,-0.601745,0.790806,1.0
23,0.754133,-0.656628,0.010998,0.387353,0.458271,0.799964,-0.53032,-0.59902,0.599945,0.992435,-0.106096,0.061775,0.046653,0.791337,0.609597,-0.11356,-0.602104,0.7903,1.0
24,0.746075,-0.665727,0.013383,0.391797,0.455159,0.799578,-0.538392,-0.591301,0.600412,0.992444,-0.106299,0.061262,0.047127,0.791313,0.609591,-0.113276,-0.602098,0.790344,1.0
25,0.714664,-0.69901,0.025287,0.405591,0.443586,0.799203,-0.569868,-0.560906,0.600527,0.992307,-0.106601,0.062935,0.046284,0.791005,0.610055,-0.114814,-0.60245,0.789854,1.0
26,0.693076,-0.719908,0.037105,0.413787,0.439458,0.797281,-0.590275,-0.537223,0.602466,0.992332,-0.107048,0.061771,0.04735,0.790953,0.61004,-0.114162,-0.602438,0.789958,1.0
27,0.685447,-0.726997,0.040452,0.418098,0.438471,0.795573,-0.596117,-0.528411,0.604505,0.992345,-0.107345,0.061046,0.048031,0.790927,0.610021,-0.113766,-0.60242,0.790029,1.0
28,0.655586,-0.753489,0.049595,0.432062,0.428166,0.793723,-0.619297,-0.498926,0.606254,0.99222,-0.107915,0.062076,0.047819,0.790729,0.610295,-0.114945,-0.602578,0.789738,1.0
29,0.630127,-0.77402,0.061902,0.443123,0.423917,0.789896,-0.637637,-0.470305,0.610108,0.992083,-0.108353,0.063482,0.047293,0.790656,0.61043,-0.116334,-0.602595,0.789521,1.0
30,0.599446,-0.796755,0.076445,0.455362,0.418016,0.78607,-0.658261,-0.436397,0.613391,0.992733,-0.102975,0.062266,0.043938,0.791882,0.609091,-0.112028,-0.601928,0.790652,1.0
31,0.58451,-0.806947,0.084756,0.458708,0.414802,0.785828,-0.669278,-0.420446,0.612609,0.99335,-0.097469,0.061265,0.040306,0.79293,0.607977,-0.107838,-0.601465,0.791586,1.0
32,0.546184,-0.83149,0.101517,0.469435,0.404202,0.785016,-0.693768,-0.381108,0.611099,0.994492,-0.086431,0.059277,0.032996,0.795038,0.605661,-0.099475,-0.600369,0.793511,1.0
33,0.512882,-0.848839,0.128157,0.472434,0.403737,0.783455,-0.716769,-0.341275,0.60809,0.995516,-0.075433,0.057068,0.025826,0.797177,0.603192,-0.090994,-0.599013,0.795551,1.0
34,0.492305,-0.859383,0.138185,0.477395,0.399335,0.782703,-0.727825,-0.31936,0.60686,0.99613,-0.068509,0.055052,0.021419,0.796746,0.603934,-0.085237,-0.600417,0.79513,1.0
35,0.465469,-0.87118,0.156151,0.482765,0.397782,0.780196,-0.741806,-0.287773,0.605731,0.997597,-0.049222,0.048755,0.009912,0.797892,0.602718,-0.068568,-0.600787,0.796462,1.0
36,0.438037,-0.880801,0.179756,0.485104,0.399951,0.777632,-0.756833,-0.253431,0.602474,0.998152,-0.039475,0.046178,0.003435,0.795573,0.605847,-0.060653,-0.604569,0.794239,1.0
37,0.413885,-0.884085,0.217006,0.479858,0.414454,0.773281,-0.773586,-0.215917,0.595771,0.99879,-0.026251,0.041569,-0.004248,0.796274,0.604921,-0.04898,-0.604366,0.795199,1.0
38,0.41317,-0.881865,0.227161,0.475425,0.42164,0.772132,-0.776698,-0.211024,0.59347,0.999097,-0.019577,0.037676,-0.007226,0.796014,0.605234,-0.041839,-0.60496,0.795155,1.0
39,0.396543,-0.885006,0.24396,0.47613,0.425482,0.769587,-0.78489,-0.189018,0.5901,0.999254,-0.013699,0.036088,-0.01091,0.796554,0.604468,-0.037026,-0.604411,0.795811,1.0
40,0.38142,-0.885014,0.266959,0.468745,0.434079,0.76932,-0.796741,-0.168298,0.580412,0.999388,-0.008633,0.03388,-0.013578,0.79714,0.603641,-0.032218,-0.603732,0.796535,1.0
41,0.372746,-0.886174,0.275236,0.464614,0.434988,0.771309,-0.803239,-0.159624,0.573869,0.999425,-0.009139,0.03263,-0.012418,0.797164,0.603634,-0.031528,-0.603692,0.796593,1.0
42,0.362025,-0.885928,0.289945,0.456623,0.439712,0.7734,-0.812669,-0.147595,0.563722,0.999564,-0.004529,0.029162,-0.013972,0.797768,0.602802,-0.025994,-0.602947,0.797357,1.0
43,0.359155,-0.882731,0.30297,0.449968,0.448191,0.772432,-0.81764,-0.141096,0.558171,0.999628,-0.005506,0.02668,-0.011694,0.797822,0.602779,-0.024605,-0.602867,0.797461,1.0
44,0.359232,-0.881865,0.305393,0.448978,0.450187,0.771848,-0.81815,-0.140158,0.557659,0.999672,-0.006244,0.024792,-0.009965,0.79785,0.602772,-0.023544,-0.602822,0.797527,1.0
45,0.359243,-0.881573,0.306225,0.448581,0.450853,0.77169,-0.818363,-0.139857,0.557423,0.999691,-0.006581,0.023933,-0.009178,0.797863,0.602768,-0.023062,-0.602802,0.797557,1.0
46,0.357663,-0.881795,0.307429,0.446131,0.450552,0.773284,-0.820392,-0.139421,0.554542,0.999761,-0.001447,0.021777,-0.011955,0.798467,0.601919,-0.018259,-0.602036,0.798259,1.0
47,0.358362,-0.882603,0.304281,0.44737,0.448419,0.773808,-0.819412,-0.141178,0.555546,0.999801,0.003517,0.019577,-0.014581,0.799032,0.60111,-0.013528,-0.601277,0.798925,1.0
48,0.35874,-0.883146,0.302253,0.448101,0.446992,0.774211,-0.818846,-0.142301,0.556093,0.999823,0.003254,0.018481,-0.013711,0.799059,0.601095,-0.012811,-0.601243,0.798963,1.0
49,0.360327,-0.885988,0.291871,0.451924,0.43952,0.776264,-0.816044,-0.147806,0.55877,0.999856,0.002575,0.016734,-0.012117,0.799112,0.601058,-0.011824,-0.601175,0.799029,1.0
50,0.381898,-0.878786,0.28616,0.44318,0.445839,0.7777,-0.811014,-0.170182,0.559726,0.999804,0.013587,0.014331,-0.019466,0.80025,0.599349,-0.003325,-0.599511,0.800358,1.0
51,0.398835,-0.873865,0.278009,0.437839,0.447842,0.779572,-0.805745,-0.189198,0.561228,0.999624,0.024628,0.012018,-0.026927,0.801278,0.597685,0.005091,-0.597784,0.80164,1.0
52,0.414508,-0.867294,0.275651,0.430424,0.453717,0.780304,-0.801821,-0.204796,0.561374,0.999642,0.024282,0.011129,-0.026118,0.801302,0.597688,0.005595,-0.597766,0.80165,1.0
53,0.451708,-0.852658,0.26255,0.416079,0.461655,0.783422,-0.7892,-0.244636,0.563306,0.999679,0.023555,0.009245,-0.024409,0.801363,0.597679,0.00667,-0.597713,0.801681,1.0
54,0.4896,-0.836735,0.245287,0.403343,0.466736,0.787065,-0.773049,-0.286412,0.566005,0.999565,0.028648,0.006946,-0.02713,0.801899,0.596842,0.011528,-0.596771,0.802327,1.0
55,0.511783,-0.826008,0.236192,0.397567,0.471425,0.787208,-0.761588,-0.308978,0.569662,0.999577,0.028371,0.006209,-0.026467,0.801883,0.596894,0.011955,-0.596806,0.802295,1.0
56,0.571186,-0.794071,0.20784,0.381956,0.481256,0.788988,-0.726537,-0.371273,0.578186,0.999429,0.033532,0.004059,-0.029341,0.802353,0.596127,0.016733,-0.595905,0.802879,1.0
57,0.619245,-0.764981,0.177026,0.373936,0.485558,0.790193,-0.690439,-0.423127,0.586734,0.99925,0.038666,0.001846,-0.032167,0.802893,0.595254,0.021534,-0.594867,0.803534,1.0
58,0.633779,-0.755444,0.166214,0.373059,0.486765,0.789864,-0.677606,-0.438592,0.590327,0.999076,0.042928,0.001489,-0.035459,0.804695,0.592627,0.024242,-0.592133,0.805475,1.0
59,0.662711,-0.735473,0.141039,0.369333,0.484826,0.792802,-0.651465,-0.473309,0.592934,0.998857,0.04778,-0.000141,-0.038436,0.805279,0.591648,0.028382,-0.590967,0.806195,1.0
60,0.671519,-0.729478,0.130084,0.366927,0.479884,0.796916,-0.643758,-0.487413,0.589917,0.998268,0.058753,-0.002646,-0.045883,0.806159,0.589916,0.036792,-0.588773,0.807459,1.0
61,0.669642,-0.731695,0.127282,0.367022,0.475022,0.799779,-0.645657,-0.488851,0.586644,0.997136,0.075402,-0.005848,-0.057609,0.807381,0.58721,0.048999,-0.585191,0.809413,1.0
62,0.669072,-0.732216,0.127281,0.366615,0.474148,0.800484,-0.646478,-0.488919,0.585682,0.996217,0.086535,-0.0078,-0.065613,0.808114,0.585359,0.056957,-0.582633,0.810736,1.0
63,0.665449,-0.735555,0.127024,0.363092,0.467656,0.805891,-0.652181,-0.490158,0.578276,0.993305,0.113676,-0.020516,-0.080908,0.811441,0.578806,0.082444,-0.573271,0.815206,1.0
64,0.661514,-0.739162,0.126641,0.359465,0.460735,0.811484,-0.658167,-0.491285,0.570486,0.987849,0.150048,-0.040474,-0.100708,0.816397,0.56864,0.118366,-0.557655,0.821589,1.0
65,0.659911,-0.740596,0.126628,0.357829,0.457983,0.813762,-0.660662,-0.491699,0.567235,0.984449,0.167639,-0.0525,-0.109498,0.819288,0.562828,0.137365,-0.548327,0.824904,1.0
66,0.657429,-0.742523,0.128238,0.354171,0.454715,0.817188,-0.665093,-0.491825,0.561923,0.976198,0.205915,-0.068086,-0.134902,0.822322,0.552798,0.169818,-0.530456,0.830528,1.0
67,0.656508,-0.74343,0.127703,0.35269,0.452179,0.819233,-0.666787,-0.492794,0.55906,0.969152,0.234842,-0.074781,-0.156591,0.821037,0.548977,0.190322,-0.520333,0.832484,1.0
68,0.656626,-0.743011,0.129524,0.350427,0.452623,0.819958,-0.667864,-0.493017,0.557575,0.95728,0.277356,-0.081783,-0.191102,0.819078,0.540916,0.217013,-0.50218,0.83709,1.0
69,0.657801,-0.741684,0.131152,0.350155,0.455304,0.818589,-0.666849,-0.492545,0.559204,0.950946,0.297221,-0.085791,-0.207157,0.817779,0.536957,0.229754,-0.492845,0.839235,1.0
70,0.660158,-0.739075,0.134012,0.34962,0.460257,0.816044,-0.664798,-0.491865,0.562238,0.941479,0.323978,-0.093026,-0.228327,0.816,0.531046,0.247957,-0.478729,0.84222,1.0
71,0.661318,-0.737824,0.135173,0.34953,0.462559,0.81478,-0.663691,-0.491582,0.563791,0.928271,0.357907,-0.101066,-0.255922,0.81192,0.52468,0.269845,-0.461181,0.845278,1.0
72,0.661255,-0.737772,0.135767,0.349246,0.462944,0.814683,-0.663903,-0.491298,0.563788,0.919757,0.377951,-0.105825,-0.272407,0.808829,0.521142,0.28256,-0.450496,0.846883,1.0
73,0.661072,-0.737711,0.136984,0.349011,0.463943,0.814216,-0.664209,-0.490447,0.564169,0.907872,0.4027,-0.116615,-0.291163,0.805761,0.515724,0.301646,-0.434258,0.84878,1.0
74,0.660859,-0.737623,0.13848,0.348543,0.465049,0.813785,-0.664667,-0.489531,0.564425,0.891102,0.435887,-0.126249,-0.318612,0.799042,0.509919,0.323145,-0.414165,0.850907,1.0
75,0.660339,-0.737281,0.142712,0.346461,0.467703,0.813153,-0.66627,-0.487513,0.564282,0.878472,0.458313,-0.135036,-0.336747,0.794398,0.505501,0.338951,-0.398596,0.852192,1.0
76,0.66027,-0.737305,0.142909,0.346573,0.467938,0.81297,-0.66628,-0.487252,0.564496,0.873366,0.466767,-0.139139,-0.343395,0.79268,0.503722,0.345414,-0.392154,0.852586,1.0
77,0.660118,-0.737346,0.143401,0.346777,0.468487,0.812567,-0.666324,-0.486662,0.564951,0.868477,0.47395,-0.145317,-0.348203,0.791875,0.501684,0.352846,-0.385102,0.852757,1.0
78,0.65878,-0.738378,0.14424,0.345383,0.46715,0.813929,-0.668369,-0.486383,0.562773,0.863509,0.480964,-0.15174,-0.352894,0.791169,0.499515,0.360301,-0.377787,0.852912,1.0
79,0.658678,-0.738351,0.144843,0.345366,0.467707,0.813616,-0.668478,-0.485888,0.56307,0.86079,0.483142,-0.160036,-0.352802,0.793057,0.496578,0.366836,-0.370989,0.85311,1.0
80,0.658584,-0.738338,0.145338,0.345487,0.468253,0.81325,-0.668509,-0.485382,0.563471,0.852921,0.490833,-0.177781,-0.357292,0.797154,0.48671,0.380613,-0.351606,0.855281,1.0
81,0.658439,-0.738276,0.146304,0.345261,0.469017,0.812906,-0.668769,-0.484736,0.563717,0.846115,0.494184,-0.199673,-0.356243,0.802993,0.477799,0.396457,-0.333141,0.855475,1.0
82,0.658014,-0.738532,0.146927,0.344588,0.468823,0.813303,-0.669533,-0.484536,0.562982,0.8468,0.491249,-0.203967,-0.353904,0.806613,0.473419,0.39709,-0.328707,0.856896,1.0
83,0.657107,-0.739237,0.147437,0.343654,0.467871,0.814246,-0.670903,-0.48438,0.561484,0.841296,0.496129,-0.214653,-0.358194,0.809024,0.466021,0.404866,-0.315174,0.85834,1.0
84,0.657056,-0.739171,0.147998,0.343404,0.468261,0.814128,-0.671081,-0.484105,0.561508,0.83196,0.501307,-0.237765,-0.361623,0.814939,0.452881,0.420797,-0.290798,0.859281,1.0
85,0.65696,-0.739109,0.148726,0.343132,0.468779,0.813944,-0.671314,-0.483696,0.561581,0.814966,0.512848,-0.269842,-0.372524,0.820309,0.433955,0.443908,-0.253136,0.859573,1.0
86,0.656908,-0.739075,0.149127,0.342965,0.469053,0.813857,-0.67145,-0.483484,0.561601,0.801238,0.522658,-0.29128,-0.382311,0.821671,0.422722,0.460275,-0.227341,0.858173,1.0
87,0.656818,-0.738985,0.149965,0.342513,0.469568,0.81375,-0.671768,-0.483121,0.561533,0.770859,0.535762,-0.344577,-0.401024,0.828447,0.390965,0.494929,-0.163195,0.85347,1.0
88,0.656746,-0.73889,0.150748,0.342037,0.470021,0.813689,-0.672082,-0.482826,0.561412,0.749761,0.529094,-0.397388,-0.404747,0.841798,0.357148,0.523485,-0.106934,0.845296,1.0
89,0.65673,-0.738865,0.15094,0.34192,0.470133,0.813673,-0.672157,-0.482754,0.561383,0.744993,0.520533,-0.417168,-0.402543,0.84948,0.341089,0.531924,-0.086181,0.842394,1.0
90,0.656654,-0.738786,0.151654,0.341543,0.470579,0.813574,-0.672423,-0.482441,0.561335,0.74519,0.498435,-0.443005,-0.394224,0.865083,0.310189,0.537845,-0.056506,0.841147,1.0
91,0.656591,-0.738716,0.152269,0.341189,0.470944,0.813511,-0.672665,-0.482192,0.561259,0.745555,0.48789,-0.453993,-0.391021,0.871879,0.294835,0.539675,-0.042295,0.840809,1.0
92,0.656575,-0.738708,0.152377,0.341144,0.471016,0.813489,-0.672703,-0.482134,0.561263,0.750135,0.480845,-0.453964,-0.382912,0.875533,0.294649,0.539142,-0.047198,0.84089,1.0
93,0.656557,-0.738705,0.152469,0.341126,0.471089,0.813454,-0.672729,-0.482067,0.561288,0.751833,0.483638,-0.448151,-0.383723,0.873667,0.299101,0.536192,-0.052908,0.842435,1.0
94,0.656858,-0.738998,0.149725,0.342812,0.469555,0.813632,-0.671577,-0.483113,0.561769,0.750956,0.497259,-0.434507,-0.394686,0.865518,0.308383,0.52942,-0.060089,0.846228,1.0
95,0.656841,-0.738982,0.149879,0.342756,0.469668,0.81359,-0.671622,-0.483028,0.561788,0.750358,0.498396,-0.434237,-0.39605,0.864912,0.308334,0.52925,-0.059381,0.846385,1.0
96,0.656782,-0.738937,0.150361,0.342594,0.470028,0.81345,-0.671762,-0.482747,0.561862,0.749977,0.496804,-0.436713,-0.395004,0.865951,0.306756,0.53057,-0.057557,0.845683,1.0
97,0.656752,-0.738928,0.150535,0.342601,0.470197,0.81335,-0.671789,-0.482596,0.561961,0.750002,0.496293,-0.437252,-0.394549,0.866259,0.306471,0.530873,-0.057337,0.845508,1.0
98,0.656674,-0.738989,0.150575,0.34298,0.470441,0.813048,-0.671671,-0.482264,0.562386,0.750047,0.4954,-0.438187,-0.393747,0.866794,0.30599,0.531406,-0.056972,0.845199,1.0
99,0.655402,-0.740201,0.150165,0.342415,0.468417,0.814455,-0.6732,-0.482377,0.560457,0.750115,0.494227,-0.439392,-0.392687,0.867492,0.305372,0.532093,-0.056521,0.844796,1.0
100,0.655377,-0.740246,0.150052,0.342853,0.468583,0.814175,-0.673002,-0.482146,0.560894,0.750157,0.493512,-0.440125,-0.392016,0.867915,0.305034,0.532529,-0.056288,0.844537,1.0
101,0.654131,-0.741392,0.149828,0.342226,0.46675,0.81549,-0.67453,-0.482163,0.55904,0.750243,0.491973,-0.441696,-0.390581,0.868821,0.304295,0.53346,-0.055778,0.843983,1.0
102,0.654123,-0.74136,0.150021,0.342191,0.466929,0.815402,-0.674557,-0.482038,0.559116,0.748843,0.493171,-0.442736,-0.394202,0.868458,0.300638,0.532764,-0.050603,0.844748,1.0
103,0.654115,-0.741337,0.150173,0.342095,0.467021,0.81539,-0.674613,-0.481985,0.559094,0.748859,0.492504,-0.44345,-0.393452,0.868838,0.300523,0.533295,-0.050573,0.844415,1.0
104,0.654103,-0.741298,0.150414,0.341944,0.467167,0.81537,-0.674701,-0.481903,0.559058,0.750539,0.490059,-0.44332,-0.392149,0.870259,0.298105,0.531893,-0.049892,0.84534,1.0
105,0.654079,-0.741279,0.150613,0.34186,0.467304,0.815327,-0.674766,-0.4818,0.559068,0.753314,0.48697,-0.442014,-0.391034,0.87205,0.294314,0.528781,-0.048868,0.84735,1.0
106,0.654049,-0.741245,0.150915,0.341695,0.46749,0.815289,-0.67488,-0.481673,0.559041,0.757429,0.486806,-0.435109,-0.391738,0.871963,0.293634,0.522342,-0.051958,0.851151,1.0
107,0.654042,-0.741234,0.151,0.341643,0.46754,0.815282,-0.674913,-0.481641,0.559028,0.76015,0.484772,-0.432627,-0.391557,0.873132,0.290383,0.51851,-0.051336,0.853528,1.0
108,0.654024,-0.741217,0.151155,0.341567,0.467641,0.815256,-0.674968,-0.481568,0.559024,0.765251,0.482607,-0.426005,-0.391681,0.874254,0.286819,0.510858,-0.05263,0.858052,1.0
109,0.653995,-0.741208,0.151327,0.341539,0.467783,0.815186,-0.675011,-0.481444,0.55908,0.770948,0.478592,-0.420225,-0.391136,0.876496,0.280655,0.502644,-0.052005,0.862927,1.0
110,0.653992,-0.741217,0.151297,0.341595,0.467788,0.81516,-0.674985,-0.481426,0.559126,0.773837,0.476587,-0.417179,-0.390774,0.877594,0.277711,0.498468,-0.05188,0.865353,1.0
111,0.653955,-0.741212,0.151479,0.3416,0.467957,0.815061,-0.675019,-0.481268,0.559221,0.781226,0.471328,-0.409309,-0.390084,0.880494,0.269375,0.487359,-0.050777,0.871724,1.0
112,0.652738,-0.742356,0.151132,0.340647,0.465791,0.816699,-0.676677,-0.481608,0.556921,0.789666,0.465089,-0.400147,-0.389216,0.883907,0.259265,0.474275,-0.048989,0.879012,1.0
113,0.652707,-0.742381,0.151137,0.341071,0.466071,0.816362,-0.676493,-0.481297,0.557413,0.797764,0.45894,-0.391083,-0.38829,0.887229,0.249107,0.461306,-0.046875,0.886001,1.0
114,0.652676,-0.74239,0.151228,0.341172,0.466215,0.816237,-0.676472,-0.481144,0.55757,0.800413,0.456842,-0.388115,-0.387782,0.88834,0.24592,0.457124,-0.046334,0.888194,1.0
115,0.652637,-0.742418,0.151257,0.341383,0.466361,0.816065,-0.676403,-0.480958,0.557814,0.802977,0.454736,-0.385282,-0.386934,0.88942,0.243336,0.453331,-0.046314,0.890137,1.0
116,0.651661,-0.743314,0.151069,0.340541,0.464674,0.817379,-0.677767,-0.481209,0.555939,0.804364,0.453212,-0.384183,-0.386205,0.890218,0.241571,0.45149,-0.045937,0.891092,1.0
117,0.651364,-0.743586,0.151009,0.340657,0.464422,0.817474,-0.677994,-0.481031,0.555816,0.804343,0.452713,-0.384815,-0.385634,0.890474,0.241539,0.452016,-0.045883,0.890828,1.0
118,0.651346,-0.74364,0.150821,0.341122,0.464529,0.817219,-0.677777,-0.480844,0.556242,0.803297,0.452514,-0.387225,-0.384595,0.89056,0.242874,0.454751,-0.046175,0.88942,1.0
119,0.651309,-0.743682,0.150775,0.341309,0.464578,0.817114,-0.677719,-0.480733,0.556409,0.801823,0.453163,-0.389514,-0.384146,0.890201,0.244893,0.457722,-0.046731,0.887865,1.0
120,0.651279,-0.743719,0.150719,0.341425,0.464572,0.817068,-0.67769,-0.48068,0.556491,0.800208,0.45461,-0.391146,-0.384424,0.889422,0.247277,0.460309,-0.047507,0.886485,1.0
121,0.651259,-0.743727,0.150769,0.341417,0.464603,0.817054,-0.677713,-0.480639,0.556498,0.800239,0.454717,-0.390958,-0.384612,0.889372,0.247163,0.460097,-0.047422,0.8866,1.0
122,0.650037,-0.744836,0.150565,0.340466,0.462606,0.818583,-0.679363,-0.480847,0.554302,0.79985,0.453341,-0.393345,-0.383844,0.890183,0.24543,0.461413,-0.045324,0.886026,1.0
123,0.650052,-0.744822,0.150568,0.340483,0.462635,0.818559,-0.67934,-0.48084,0.554337,0.799428,0.452173,-0.395543,-0.383248,0.890876,0.243843,0.462639,-0.043344,0.885485,1.0
124,0.650042,-0.7448,0.150718,0.34039,0.462725,0.818547,-0.679396,-0.480787,0.554314,0.799006,0.451133,-0.397577,-0.382791,0.891495,0.242294,0.463745,-0.041405,0.885,1.0
125,0.650049,-0.744802,0.150682,0.340427,0.462718,0.818535,-0.67937,-0.480792,0.55434,0.798863,0.451752,-0.397162,-0.383331,0.891174,0.242623,0.463546,-0.041578,0.885096,1.0
126,0.650043,-0.744784,0.150798,0.340336,0.462775,0.818541,-0.679423,-0.480765,0.5543,0.797262,0.453253,-0.398664,-0.383616,0.890368,0.245116,0.466058,-0.042488,0.883732,1.0
127,0.650042,-0.74478,0.150819,0.340322,0.462788,0.818539,-0.67943,-0.480758,0.554298,0.796543,0.45096,-0.402682,-0.382631,0.891714,0.241742,0.468093,-0.03848,0.88284,1.0
128,0.650043,-0.744775,0.150844,0.340306,0.462804,0.818537,-0.679437,-0.480751,0.554294,0.79496,0.452733,-0.403819,-0.383127,0.890766,0.244436,0.470372,-0.039603,0.881578,1.0
129,0.650031,-0.744767,0.150933,0.340271,0.462867,0.818516,-0.679466,-0.480703,0.554301,0.794492,0.452741,-0.404729,-0.383724,0.890833,0.243251,0.470677,-0.037957,0.881488,1.0
130,0.650034,-0.744773,0.150887,0.340299,0.46284,0.81852,-0.679449,-0.480719,0.554308,0.796863,0.449688,-0.403471,-0.383505,0.892523,0.237331,0.466833,-0.034387,0.883675,1.0
131,0.650016,-0.74475,0.15108,0.340183,0.462952,0.818504,-0.679525,-0.480646,0.554278,0.800291,0.447384,-0.399225,-0.383926,0.893756,0.231947,0.460579,-0.032352,0.887028,1.0
132,0.650029,-0.744754,0.151003,0.340227,0.462911,0.818509,-0.67949,-0.48068,0.554292,0.808668,0.441632,-0.388608,-0.384637,0.896777,0.218733,0.445095,-0.027409,0.895063,1.0
133,0.650027,-0.744749,0.151036,0.340225,0.462944,0.818492,-0.679493,-0.480656,0.554309,0.811723,0.440727,-0.383228,-0.393449,0.897577,0.198876,0.431628,-0.010652,0.901988,1.0
134,0.65001,-0.744743,0.151144,0.34018,0.463016,0.81847,-0.679532,-0.480598,0.554312,0.818013,0.432036,-0.379733,-0.390898,0.901853,0.184007,0.421961,-0.002083,0.90661,1.0
135,0.65001,-0.744747,0.15112,0.340196,0.463,0.818472,-0.679524,-0.480605,0.554315,0.818662,0.433613,-0.376524,-0.395581,0.901092,0.177619,0.416301,0.003536,0.909219,1.0
136,0.650009,-0.744749,0.151117,0.340198,0.462997,0.818473,-0.679524,-0.480605,0.554314,0.824101,0.429049,-0.369828,-0.39472,0.903251,0.168322,0.406267,0.007265,0.913724,1.0
137,0.650002,-0.744744,0.151169,0.340185,0.463039,0.818454,-0.679536,-0.480572,0.554328,0.827007,0.432029,-0.359734,-0.400459,0.901807,0.162409,0.394576,0.009746,0.918811,1.0
138,0.649998,-0.744735,0.151235,0.340144,0.46308,0.818448,-0.679561,-0.480548,0.554318,0.829596,0.433046,-0.352477,-0.401583,0.901344,0.162202,0.387944,0.006987,0.921656,1.0
139,0.649981,-0.744734,0.151309,0.34014,0.463142,0.818415,-0.67958,-0.480488,0.554347,0.82995,0.434484,-0.349863,-0.402371,0.900667,0.163999,0.386365,0.004664,0.922333,1.0
140,0.649961,-0.744727,0.151427,0.340107,0.463232,0.818378,-0.679615,-0.480412,0.55437,0.830802,0.437619,-0.343883,-0.403742,0.899158,0.168835,0.383091,-0.001428,0.923708,1.0
141,0.649938,-0.744722,0.151552,0.34009,0.463336,0.818326,-0.679646,-0.48032,0.554412,0.831733,0.442749,-0.334951,-0.406512,0.896589,0.175713,0.37811,-0.009985,0.925706,1.0
142,0.649907,-0.744711,0.151739,0.340036,0.463476,0.818269,-0.679702,-0.480203,0.554445,0.831292,0.448783,-0.327942,-0.409447,0.893432,0.184748,0.375906,-0.019305,0.926456,1.0
143,0.648653,-0.74582,0.151658,0.338935,0.46149,0.819847,-0.681447,-0.480394,0.552131,0.838194,0.445789,-0.314169,-0.399942,0.894087,0.201628,0.370778,-0.043354,0.927708,1.0
144,0.647439,-0.746916,0.151452,0.337994,0.459521,0.82134,-0.683068,-0.480577,0.549966,0.852617,0.43096,-0.295494,-0.377366,0.898993,0.222276,0.36144,-0.078006,0.929125,1.0
145,0.646694,-0.747581,0.151355,0.337409,0.458345,0.822237,-0.684062,-0.480667,0.54865,0.859856,0.424678,-0.283365,-0.367445,0.900122,0.234017,0.354445,-0.0971,0.930021,1.0
146,0.641184,-0.752619,0.149824,0.332828,0.448661,0.829414,-0.691453,-0.481941,0.538167,0.879151,0.402742,-0.254738,-0.336352,0.903098,0.266983,0.337579,-0.149037,0.929423,1.0
147,0.631604,-0.759733,0.154535,0.321157,0.437806,0.839751,-0.705643,-0.480761,0.520514,0.894572,0.382528,-0.231112,-0.308284,0.902555,0.300592,0.323576,-0.197653,0.925327,1.0
148,0.626683,-0.763225,0.157336,0.31501,0.43278,0.844671,-0.712767,-0.479778,0.51164,0.899957,0.373969,-0.224107,-0.296066,0.901555,0.315504,0.320034,-0.217589,0.92208,1.0
149,0.618869,-0.769838,0.156043,0.307752,0.420411,0.853547,-0.722695,-0.480212,0.497099,0.909077,0.360836,-0.208268,-0.274821,0.895068,0.351179,0.313132,-0.262012,0.912851,1.0
150,0.615021,-0.77299,0.155674,0.304589,0.415001,0.85732,-0.727305,-0.479854,0.490679,0.915466,0.353257,-0.192689,-0.26005,0.884812,0.386628,0.307073,-0.303836,0.90188,1.0
151,0.619228,-0.769032,0.158576,0.301053,0.419043,0.856604,-0.725206,-0.482693,0.491002,0.923349,0.342868,-0.172821,-0.244923,0.872592,0.422605,0.2957,-0.347884,0.889683,1.0
152,0.622517,-0.766641,0.157265,0.300333,0.419589,0.856588,-0.722683,-0.486009,0.491449,0.925397,0.340847,-0.165715,-0.240626,0.866211,0.437923,0.292809,-0.365378,0.883606,1.0
153,0.63864,-0.754214,0.152639,0.29697,0.424562,0.85531,-0.709892,-0.500906,0.495121,0.92863,0.337162,-0.154812,-0.23162,0.852831,0.468006,0.289823,-0.398747,0.870058,1.0
154,0.668078,-0.729031,0.148946,0.286201,0.436537,0.85295,-0.686848,-0.527208,0.50029,0.929432,0.33811,-0.14777,-0.225972,0.838142,0.496442,0.291704,-0.428017,0.855399,1.0
155,0.673614,-0.724109,0.148018,0.285464,0.439637,0.851604,-0.681729,-0.531398,0.502853,0.93119,0.333761,-0.146587,-0.218336,0.832669,0.508911,0.291913,-0.441887,0.848246,1.0
156,0.674814,-0.723048,0.147739,0.286707,0.441324,0.850312,-0.680018,-0.531445,0.505115,0.932069,0.333252,-0.142091,-0.212604,0.820729,0.530285,0.293337,-0.464053,0.835827,1.0
157,0.676317,-0.720993,0.150872,0.286797,0.446398,0.847629,-0.678484,-0.529997,0.508686,0.935337,0.326818,-0.135405,-0.204471,0.811801,0.546964,0.28868,-0.48391,0.826132,1.0
158,0.678499,-0.718299,0.1539,0.287575,0.452499,0.844123,-0.675973,-0.528479,0.513585,0.937935,0.320987,-0.131315,-0.197149,0.804996,0.559565,0.285321,-0.498948,0.818317,1.0
159,0.680325,-0.716885,0.152425,0.290076,0.454366,0.842263,-0.673062,-0.528798,0.517068,0.938664,0.319495,-0.129738,-0.194968,0.802052,0.564534,0.284423,-0.504613,0.815149,1.0
160,0.690385,-0.708656,0.145517,0.29648,0.460628,0.836613,-0.6599,-0.534442,0.528113,0.944622,0.30491,-0.121315,-0.183399,0.797087,0.575339,0.272126,-0.52123,0.808867,1.0
161,0.707163,-0.694273,0.133805,0.304829,0.470122,0.828289,-0.637964,-0.544949,0.544088,0.947391,0.298018,-0.116765,-0.178019,0.793779,0.581568,0.266003,-0.530187,0.805073,1.0
162,0.721013,-0.681837,0.123438,0.315828,0.481938,0.817305,-0.616759,-0.550302,0.562827,0.947643,0.297377,-0.116359,-0.177635,0.793706,0.581786,0.265365,-0.530656,0.804975,1.0
163,0.726289,-0.677095,0.118512,0.322783,0.48816,0.81087,-0.606889,-0.550672,0.573101,0.947844,0.297296,-0.114916,-0.178181,0.793177,0.582341,0.264277,-0.531493,0.804781,1.0
164,0.747843,-0.655215,0.106875,0.327499,0.504145,0.799112,-0.577471,-0.56261,0.591604,0.94998,0.291777,-0.111367,-0.17493,0.792528,0.584207,0.25872,-0.535504,0.803927,1.0
165,0.78093,-0.618183,0.08943,0.322311,0.52146,0.79006,-0.535036,-0.588157,0.606471,0.95,0.290714,-0.113941,-0.172728,0.793275,0.583848,0.26012,-0.534975,0.803827,1.0
166,0.799054,-0.595987,0.079442,0.316625,0.529417,0.78706,-0.511136,-0.603751,0.611738,0.95018,0.290701,-0.112467,-0.173347,0.792707,0.584436,0.25905,-0.535824,0.803607,1.0
167,0.820077,-0.569623,0.054786,0.318701,0.534139,0.783022,-0.475291,-0.624678,0.619575,0.95036,0.290211,-0.112209,-0.17295,0.792491,0.584847,0.258654,-0.536409,0.803344,1.0
168,0.830596,-0.555446,0.039874,0.31949,0.533953,0.782827,-0.456109,-0.637474,0.620959,0.950539,0.289676,-0.112087,-0.172445,0.792311,0.585239,0.258338,-0.536964,0.803075,1.0
169,0.837274,-0.545575,0.036308,0.315582,0.536403,0.782738,-0.446519,-0.643909,0.62129,0.950714,0.289706,-0.11051,-0.17315,0.791695,0.585864,0.257219,-0.537854,0.802839,1.0
170,0.849759,-0.526556,0.025442,0.309406,0.537234,0.784632,-0.426821,-0.658876,0.619439,0.952588,0.284201,-0.108649,-0.169186,0.791564,0.587198,0.252885,-0.540976,0.802117,1.0
171,0.862423,-0.505877,0.017728,0.301518,0.54153,0.784749,-0.406587,-0.671441,0.619559,0.952594,0.283614,-0.110123,-0.167945,0.791998,0.586969,0.25369,-0.540648,0.802084,1.0
172,0.865573,-0.500474,0.017531,0.298158,0.543162,0.784904,-0.402347,-0.674166,0.619368,0.954437,0.278392,-0.107453,-0.164658,0.791623,0.588404,0.24887,-0.543902,0.801395,1.0
173,0.871639,-0.489973,0.013038,0.294515,0.54482,0.785131,-0.391796,-0.680512,0.619191,0.958166,0.268535,-0.099023,-0.160205,0.789906,0.591931,0.237173,-0.551304,0.799882,1.0
174,0.875135,-0.483838,0.00615,0.296395,0.546061,0.78356,-0.382475,-0.683898,0.621285,0.962522,0.254867,-0.092698,-0.151006,0.787575,0.597429,0.225272,-0.561041,0.796545,1.0
175,0.876299,-0.481766,0.000978,0.298615,0.544751,0.783629,-0.378059,-0.686402,0.621227,0.970634,0.227086,-0.07937,-0.133396,0.782671,0.607971,0.200182,-0.579531,0.789981,1.0
176,0.876405,-0.481572,-0.00063,0.299616,0.544242,0.783601,-0.377017,-0.686941,0.621264,0.97397,0.215531,-0.070197,-0.127763,0.777786,0.615405,0.187238,-0.590418,0.785078,1.0
177,0.876587,-0.481233,0.003029,0.296793,0.545554,0.783763,-0.378825,-0.686138,0.621052,0.97986,0.191481,-0.056635,-0.114107,0.769701,0.628123,0.163866,-0.60901,0.776049,1.0
178,0.876757,-0.480864,0.008047,0.292964,0.547282,0.783998,-0.381401,-0.685019,0.62071,0.98652,0.158083,-0.042272,-0.094121,0.759484,0.64368,0.13386,-0.631024,0.764126,1.0
179,0.876836,-0.48067,0.010686,0.290927,0.548143,0.784155,-0.382777,-0.684467,0.620472,0.991509,0.126212,-0.031266,-0.074961,0.751317,0.65567,0.106245,-0.64776,0.754399,1.0
180,0.876981,-0.480269,0.015668,0.286981,0.549628,0.78457,-0.385416,-0.683556,0.619842,0.998557,0.053148,-0.007619,-0.033405,0.726074,0.686804,0.042035,-0.685558,0.726802,1.0
181,0.876343,-0.481417,0.016088,0.286139,0.547158,0.786601,-0.387486,-0.68473,0.617251,0.999899,-0.009477,0.010521,-0.001082,0.689748,0.724048,-0.014119,-0.723987,0.689668,1.0
182,0.876492,-0.481145,0.016133,0.285769,0.546965,0.786869,-0.387423,-0.685075,0.616907,0.997465,-0.066695,0.024799,0.024376,0.64771,0.761496,-0.066851,-0.758961,0.647694,1.0
183,0.87653,-0.481031,0.017387,0.284691,0.547211,0.787089,-0.388129,-0.684958,0.616592,0.994172,-0.102497,0.03339,0.038077,0.623674,0.780755,-0.10085,-0.774934,0.623943,1.0
184,0.876595,-0.480831,0.019514,0.282748,0.547439,0.787631,-0.389401,-0.684916,0.615837,0.986378,-0.159063,0.041906,0.057649,0.572894,0.817599,-0.154057,-0.804046,0.57426,1.0
185,0.876668,-0.480605,0.021684,0.280644,0.547491,0.788347,-0.390755,-0.685034,0.614847,0.980382,-0.193832,0.035768,0.072416,0.522986,0.849258,-0.183319,-0.830008,0.526763,1.0
186,0.876705,-0.480495,0.022608,0.279668,0.547392,0.788763,-0.391372,-0.68519,0.614281,0.978689,-0.204175,0.021895,0.08523,0.500899,0.861298,-0.186823,-0.841077,0.507626,1.0
187,0.876755,-0.480381,0.023096,0.278774,0.546756,0.78952,-0.391898,-0.685778,0.613289,0.972829,-0.231446,-0.005952,0.115735,0.46388,0.878305,-0.200519,-0.855129,0.478063,1.0
188,0.876803,-0.480218,0.024628,0.27714,0.546542,0.790243,-0.392949,-0.686062,0.612297,0.968541,-0.248198,-0.01802,0.129484,0.440793,0.888219,-0.212511,-0.862611,0.459064,1.0
189,0.876834,-0.480085,0.026059,0.275699,0.546466,0.7908,-0.393891,-0.686216,0.611519,0.965344,-0.259318,-0.029397,0.140487,0.421417,0.895919,-0.21994,-0.869,0.443243,1.0
190,0.876848,-0.480029,0.026614,0.2751,0.546372,0.791073,-0.394279,-0.68633,0.611141,0.965558,-0.257998,-0.033668,0.142869,0.417589,0.897333,-0.217451,-0.871238,0.440067,1.0
191,0.876879,-0.479943,0.027145,0.274364,0.546047,0.791553,-0.394723,-0.686649,0.610496,0.964006,-0.262554,-0.041903,0.151136,0.411472,0.898803,-0.218743,-0.872785,0.436344,1.0
192,0.876901,-0.479862,0.027834,0.27357,0.54586,0.791956,-0.395224,-0.686854,0.609941,0.963787,-0.262103,-0.049142,0.157231,0.409684,0.898574,-0.215386,-0.873762,0.436059,1.0
193,0.876909,-0.479836,0.028052,0.273292,0.545757,0.792123,-0.395399,-0.686954,0.609715,0.963734,-0.261764,-0.051913,0.159517,0.409116,0.89843,-0.213938,-0.874129,0.436035,1.0
194,0.876918,-0.479762,0.029021,0.272426,0.545875,0.792341,-0.395978,-0.686912,0.609387,0.962091,-0.266561,-0.057665,0.166383,0.406139,0.898536,-0.216095,-0.874068,0.435095,1.0
195,0.876911,-0.479737,0.029623,0.271925,0.545983,0.792438,-0.396336,-0.686843,0.609231,0.962258,-0.265437,-0.060013,0.167882,0.405446,0.89857,-0.214181,-0.874732,0.434706,1.0
196,0.876895,-0.479735,0.030134,0.271544,0.546126,0.79247,-0.396633,-0.68673,0.609165,0.962476,-0.263596,-0.064463,0.170695,0.403423,0.89895,-0.210953,-0.876222,0.43328,1.0
197,0.876888,-0.479727,0.030451,0.2713,0.546211,0.792495,-0.396814,-0.686669,0.609116,0.962405,-0.263222,-0.066996,0.172808,0.403093,0.898695,-0.209551,-0.876487,0.433426,1.0
198,0.876878,-0.479711,0.03098,0.270856,0.546293,0.79259,-0.397139,-0.686615,0.608965,0.962264,-0.2625,-0.071696,0.176708,0.402438,0.898229,-0.206932,-0.877004,0.433638,1.0
199,0.876861,-0.479726,0.031235,0.270648,0.546312,0.792648,-0.397318,-0.68659,0.608877,0.962352,-0.261982,-0.072413,0.177189,0.402653,0.898039,-0.206113,-0.87706,0.433915,1.0
200,0.876848,-0.479748,0.03127,0.270635,0.546313,0.792652,-0.397357,-0.686573,0.60887,0.962322,-0.261772,-0.073554,0.178089,0.402364,0.89799,-0.205473,-0.877255,0.433823,1.0
201,0.876817,-0.479794,0.031428,0.270557,0.54636,0.792646,-0.397478,-0.686503,0.60887,0.967969,-0.24149,-0.068672,0.166781,0.414045,0.894846,-0.187663,-0.877638,0.441059,1.0
202,0.876787,-0.479849,0.031418,0.270583,0.546315,0.792669,-0.397526,-0.686501,0.608841,0.973015,-0.220143,-0.069119,0.160666,0.43141,0.887733,-0.16561,-0.874883,0.455138,1.0
203,0.876754,-0.479908,0.031454,0.27059,0.546301,0.792676,-0.397595,-0.686471,0.60883,0.980491,-0.185321,-0.065516,0.144816,0.455692,0.878278,-0.132908,-0.870632,0.47364,1.0
204,0.876739,-0.479933,0.031508,0.270564,0.546307,0.792681,-0.397647,-0.686449,0.608822,0.983692,-0.167613,-0.065225,0.137908,0.470116,0.871763,-0.115455,-0.866542,0.485565,1.0
205,0.87671,-0.479976,0.031661,0.270478,0.546336,0.79269,-0.39777,-0.686396,0.608801,0.989567,-0.12623,-0.06944,0.1242,0.503206,0.855194,-0.073008,-0.854896,0.513634,1.0
206,0.876683,-0.480014,0.031829,0.270388,0.546391,0.792683,-0.39789,-0.686326,0.608801,0.993975,-0.071167,-0.083353,0.108808,0.549361,0.828469,-0.013169,-0.832548,0.553795,1.0
207,0.876673,-0.480022,0.03198,0.270283,0.546435,0.792688,-0.397983,-0.686285,0.608786,0.994384,-0.055412,-0.090162,0.105624,0.572586,0.813012,0.006575,-0.817969,0.575223,1.0
208,0.876655,-0.480043,0.032136,0.270182,0.546474,0.792696,-0.39809,-0.686239,0.608768,0.995135,-0.056132,-0.080948,0.098352,0.612162,0.784591,0.005513,-0.788736,0.614706,1.0
209,0.876628,-0.480094,0.032128,0.270247,0.546504,0.792653,-0.398106,-0.68618,0.608825,0.996751,-0.041441,-0.069052,0.079238,0.657832,0.748984,0.014386,-0.752023,0.658979,1.0
210,0.87659,-0.480177,0.031909,0.270483,0.546453,0.792608,-0.398029,-0.686162,0.608895,0.997509,-0.043569,-0.055461,0.07013,0.696151,0.71446,0.007482,-0.716571,0.697473,1.0
211,0.876572,-0.480215,0.031808,0.270576,0.546404,0.792609,-0.398003,-0.686174,0.608898,0.998174,-0.036381,-0.048197,0.059719,0.713091,0.698523,0.008956,-0.700126,0.713962,1.0
212,0.876532,-0.480316,0.031404,0.270923,0.546233,0.792609,-0.397857,-0.686239,0.60892,0.998867,-0.021873,-0.042251,0.044512,0.743221,0.667563,0.016801,-0.668687,0.743353,1.0
213,0.876494,-0.480392,0.031325,0.271022,0.546175,0.792616,-0.397875,-0.686233,0.608916,0.998791,-0.015554,-0.046615,0.041835,0.766805,0.640514,0.025783,-0.64169,0.76653,1.0
214,0.87648,-0.480408,0.031467,0.270928,0.546212,0.792622,-0.39797,-0.686192,0.6089,0.999023,-0.004621,-0.043939,0.031252,0.776889,0.628861,0.03123,-0.62962,0.776274,1.0
215,0.876461,-0.480436,0.031567,0.270881,0.54625,0.792612,-0.398043,-0.686143,0.608908,0.999076,0.015667,-0.040013,0.01209,0.791069,0.611606,0.041235,-0.611525,0.790149,1.0
216,0.876448,-0.480462,0.031527,0.270956,0.546281,0.792565,-0.39802,-0.6861,0.608971,0.998954,0.025561,-0.037896,0.002169,0.801598,0.597859,0.045659,-0.597316,0.800704,1.0
217,0.876444,-0.480454,0.031763,0.270792,0.546376,0.792555,-0.398141,-0.686029,0.608972,0.998879,0.028538,-0.037731,-0.0006,0.805132,0.593094,0.047305,-0.592407,0.804248,1.0
218,0.876442,-0.480431,0.032174,0.270493,0.546534,0.792549,-0.398349,-0.68592,0.608958,0.998624,0.035548,-0.038519,-0.006295,0.810902,0.585147,0.052036,-0.5841,0.810011,1.0
219,0.876439,-0.480441,0.032092,0.270569,0.546521,0.792531,-0.398304,-0.685922,0.608985,0.998722,0.033424,-0.037886,-0.005041,0.812066,0.583542,0.05027,-0.582606,0.811197,1.0
220,0.876435,-0.480442,0.032171,0.270513,0.546546,0.792534,-0.398349,-0.685902,0.608978,0.998727,0.032582,-0.038473,-0.003995,0.811859,0.583838,0.050257,-0.582942,0.810957,1.0
221,0.876434,-0.480446,0.032167,0.270517,0.546544,0.792534,-0.39835,-0.685902,0.608978,0.998667,0.031875,-0.040578,-0.002201,0.811986,0.583671,0.051553,-0.582804,0.810975,1.0
222,0.876432,-0.480439,0.032325,0.270389,0.546578,0.792554,-0.398442,-0.685879,0.608944,0.998517,0.030281,-0.045227,0.001791,0.812226,0.583339,0.054399,-0.582555,0.810967,1.0
223,0.876425,-0.480458,0.032235,0.270475,0.546559,0.792538,-0.398399,-0.685881,0.60897,0.998336,0.028608,-0.050038,0.005935,0.812496,0.582935,0.057333,-0.582263,0.810975,1.0
224,0.876421,-0.480472,0.03214,0.270551,0.546523,0.792537,-0.398357,-0.6859,0.608976,0.998228,0.027639,-0.052675,0.008239,0.812731,0.582579,0.058913,-0.581981,0.811064,1.0
225,0.876407,-0.480493,0.032187,0.270517,0.54651,0.792557,-0.398409,-0.685895,0.608947,0.99808,0.025255,-0.056539,0.01235,0.813526,0.581396,0.060679,-0.580978,0.811653,1.0
226,0.876385,-0.480535,0.032162,0.270559,0.546483,0.792561,-0.39843,-0.685887,0.608943,0.99817,0.026044,-0.054548,0.010602,0.812994,0.582174,0.05951,-0.581687,0.811231,1.0
227,0.87636,-0.480583,0.032101,0.27064,0.546461,0.792548,-0.398428,-0.685871,0.608962,0.998407,0.031559,-0.046761,0.001469,0.814065,0.580772,0.056395,-0.579915,0.812722,1.0
228,0.876349,-0.480595,0.032227,0.270555,0.546495,0.792554,-0.39851,-0.685835,0.608949,0.998513,0.031135,-0.044728,0.000593,0.814482,0.580187,0.054494,-0.579351,0.813253,1.0
