,r1,r2,r3,r4,r5,r6,r7,r8,r9,r10,r11,r12,r13,r14,r15,r16,r17,r18,status
0,0.80723,-0.548646,0.217636,0.262318,0.663788,0.700409,-0.528741,-0.508302,0.67975,0.540587,-0.401944,-0.739057,0.729478,0.661559,0.173784,0.419078,-0.633071,0.65084,1.0
1,0.795926,-0.563814,0.220484,0.270569,0.657096,0.703574,-0.541565,-0.500337,0.675551,0.52958,-0.394961,-0.750699,0.730007,0.662921,0.166205,0.43201,-0.636035,0.639395,1.0
2,0.782776,-0.581297,0.222159,0.282186,0.649747,0.705832,-0.554645,-0.489818,0.672641,0.521561,-0.389495,-0.759122,0.728428,0.666539,0.15848,0.444258,-0.635624,0.63136,1.0
3,0.770705,-0.596133,0.225027,0.290112,0.642719,0.709045,-0.567315,-0.481182,0.668293,0.515975,-0.384655,-0.765381,0.728351,0.66729,0.155654,0.450859,-0.63778,0.624469,1.0
4,0.758233,-0.608501,0.234112,0.293697,0.639362,0.710604,-0.582085,-0.470045,0.6635,0.489383,-0.372828,-0.788354,0.731175,0.668099,0.137932,0.475274,-0.643927,0.599559,1.0
5,0.753421,-0.611854,0.240811,0.291827,0.639337,0.711396,-0.58923,-0.465706,0.660246,0.447824,-0.352056,-0.821894,0.735167,0.668169,0.11436,0.508903,-0.655442,0.558042,1.0
6,0.74206,-0.625507,0.241012,0.301109,0.632265,0.713843,-0.598898,-0.457144,0.657525,0.410078,-0.32552,-0.85198,0.735777,0.670076,0.098128,0.538949,-0.667108,0.514294,1.0
7,0.737119,-0.629049,0.246884,0.301172,0.63286,0.713289,-0.604937,-0.451424,0.655946,0.39374,-0.312016,-0.864646,0.733845,0.673158,0.09126,0.553569,-0.670449,0.494021,1.0
8,0.72405,-0.63779,0.262629,0.298971,0.633333,0.713795,-0.621584,-0.438306,0.649246,0.374952,-0.287547,-0.88132,0.737832,0.668134,0.095915,0.56126,-0.68623,0.46268,1.0
9,0.721725,-0.639963,0.26374,0.298769,0.631729,0.7153,-0.624379,-0.437452,0.647136,0.35563,-0.255899,-0.898912,0.731791,0.674519,0.097493,0.581385,-0.692487,0.427144,1.0
10,0.721752,-0.63998,0.263625,0.299071,0.631842,0.715074,-0.624203,-0.437264,0.647433,0.345512,-0.239587,-0.907314,0.729401,0.67688,0.099023,0.590419,-0.69601,0.408626,1.0
11,0.720235,-0.641261,0.264659,0.298079,0.630552,0.716625,-0.626425,-0.437249,0.645293,0.327,-0.201091,-0.92338,0.720211,0.68565,0.105733,0.611854,-0.699604,0.369035,1.0
12,0.718772,-0.642312,0.266087,0.296731,0.62953,0.718082,-0.628742,-0.437181,0.643082,0.320535,-0.155266,-0.934424,0.703662,0.699424,0.125159,0.634126,-0.697636,0.333445,1.0
13,0.712099,-0.649456,0.266685,0.302086,0.626322,0.718654,-0.633765,-0.431191,0.642195,0.317911,-0.130408,-0.939108,0.690625,0.710475,0.135134,0.649591,-0.691532,0.315931,1.0
14,0.709183,-0.651089,0.270448,0.300312,0.626034,0.719647,-0.637864,-0.429143,0.639503,0.312295,-0.086356,-0.946051,0.679594,0.716157,0.158966,0.663794,-0.692576,0.282339,1.0
15,0.707729,-0.650212,0.276303,0.297183,0.628807,0.718529,-0.640937,-0.426411,0.638257,0.317118,-0.034355,-0.947763,0.652066,0.733555,0.191589,0.688654,-0.678761,0.255025,1.0
16,0.706943,-0.649919,0.278992,0.295638,0.629889,0.718218,-0.642518,-0.425258,0.637437,0.318312,-0.00187,-0.947983,0.625906,0.75146,0.208683,0.711982,-0.659775,0.240369,1.0
17,0.705823,-0.651432,0.278297,0.295709,0.627943,0.71989,-0.643715,-0.42582,0.635851,0.321456,0.059347,-0.945062,0.579612,0.776894,0.245938,0.748809,-0.626828,0.215339,1.0
18,0.705708,-0.651286,0.278928,0.295361,0.628284,0.719736,-0.644001,-0.425539,0.63575,0.336922,0.10827,-0.935286,0.560293,0.775274,0.291583,0.756673,-0.622275,0.200544,1.0
19,0.705481,-0.650899,0.280404,0.294427,0.629052,0.719449,-0.644677,-0.424999,0.635426,0.348789,0.141748,-0.926419,0.544152,0.774183,0.323323,0.763049,-0.616885,0.192894,1.0
20,0.705371,-0.650699,0.281142,0.293973,0.629449,0.719286,-0.645004,-0.424715,0.635284,0.355362,0.153562,-0.922027,0.534544,0.775811,0.33523,0.766798,-0.611993,0.193608,1.0
21,0.705203,-0.650359,0.282347,0.293231,0.630111,0.71901,-0.645525,-0.424256,0.635061,0.371632,0.16138,-0.914245,0.5264,0.774541,0.350696,0.764716,-0.611589,0.202893,1.0
22,0.703704,-0.651693,0.283012,0.292404,0.628677,0.720601,-0.647533,-0.424336,0.63296,0.377958,0.171175,-0.90986,0.511,0.780936,0.35919,0.772027,-0.600697,0.20769,1.0
23,0.703671,-0.6516,0.28331,0.292284,0.628891,0.720462,-0.647624,-0.424161,0.632984,0.378216,0.174796,-0.909064,0.496705,0.790361,0.358625,0.781176,-0.587174,0.212105,1.0
24,0.703553,-0.651356,0.284162,0.291924,0.629471,0.720101,-0.647914,-0.423675,0.633013,0.375411,0.168673,-0.911381,0.488651,0.799525,0.349253,0.787582,-0.576461,0.217728,1.0
25,0.701871,-0.65296,0.28464,0.291262,0.627757,0.721863,-0.650033,-0.42375,0.630787,0.369575,0.164141,-0.914587,0.484651,0.805734,0.340448,0.792796,-0.569077,0.218228,1.0
26,0.699353,-0.655678,0.284589,0.290501,0.624518,0.724973,-0.653079,-0.424339,0.627234,0.362139,0.169581,-0.916568,0.46714,0.817897,0.335893,0.806619,-0.549805,0.216974,1.0
27,0.698295,-0.656706,0.284815,0.290052,0.623356,0.726152,-0.65441,-0.424457,0.625766,0.362252,0.168927,-0.916644,0.462809,0.821043,0.334208,0.809061,-0.545298,0.219244,1.0
28,0.695831,-0.658053,0.287723,0.287898,0.622586,0.727668,-0.657977,-0.423499,0.622667,0.357005,0.174892,-0.917583,0.450456,0.828316,0.333137,0.818312,-0.532263,0.216932,1.0
29,0.693285,-0.658455,0.292904,0.284657,0.623591,0.728082,-0.662062,-0.421391,0.61976,0.345456,0.179542,-0.921099,0.435835,0.838556,0.326911,0.831087,-0.514381,0.211433,1.0
30,0.692676,-0.658988,0.293146,0.284154,0.622909,0.728862,-0.662915,-0.421566,0.618728,0.334579,0.187054,-0.923616,0.415328,0.850509,0.322701,0.845907,-0.491573,0.206874,1.0
31,0.691132,-0.659153,0.2964,0.281957,0.623528,0.729186,-0.665459,-0.420392,0.616793,0.332053,0.188182,-0.924298,0.411757,0.852687,0.321526,0.848643,-0.48735,0.205652,1.0
32,0.684687,-0.658547,0.312278,0.271712,0.62821,0.729056,-0.676295,-0.414326,0.609062,0.312449,0.196164,-0.929459,0.387404,0.867067,0.313227,0.867348,-0.457944,0.194919,1.0
33,0.667746,-0.665524,0.333455,0.264907,0.631089,0.729075,-0.695657,-0.398502,0.597709,0.294207,0.209906,-0.932405,0.37641,0.871287,0.314918,0.878497,-0.443617,0.177328,1.0
34,0.665324,-0.665018,0.339255,0.261454,0.633207,0.728484,-0.699274,-0.395978,0.59516,0.286169,0.21775,-0.933108,0.377949,0.869224,0.318752,0.880489,-0.443884,0.166447,1.0
35,0.664191,-0.666956,0.337667,0.26188,0.630654,0.730543,-0.700191,-0.396792,0.593537,0.267258,0.238479,-0.933648,0.370593,0.868938,0.328033,0.889512,-0.433673,0.143852,1.0
36,0.664023,-0.666624,0.338651,0.261453,0.631335,0.730108,-0.70051,-0.396268,0.593512,0.239826,0.26152,-0.934927,0.344504,0.877432,0.333809,0.907634,-0.402143,0.120336,1.0
37,0.663761,-0.666252,0.339896,0.2607,0.632029,0.729776,-0.701039,-0.395786,0.593208,0.232037,0.268325,-0.934964,0.340667,0.877904,0.336495,0.9111,-0.396591,0.112297,1.0
38,0.663324,-0.665648,0.341925,0.259408,0.63312,0.729291,-0.701931,-0.395059,0.592638,0.215827,0.269501,-0.938502,0.339507,0.880471,0.330914,0.915506,-0.390049,0.098532,1.0
39,0.663039,-0.665248,0.343254,0.258621,0.63387,0.728919,-0.702491,-0.394529,0.592328,0.187468,0.269829,-0.944482,0.337431,0.885325,0.319905,0.922494,-0.37867,0.074922,1.0
40,0.662831,-0.664972,0.344189,0.258045,0.634379,0.72868,-0.702899,-0.394175,0.592079,0.175352,0.273248,-0.945825,0.340174,0.884723,0.318663,0.923867,-0.377624,0.062186,1.0
41,0.662709,-0.664831,0.344695,0.257721,0.63464,0.728568,-0.703132,-0.393994,0.591923,0.168212,0.273253,-0.94712,0.33616,0.887315,0.315701,0.926661,-0.371489,0.0574,1.0
42,0.662486,-0.664634,0.345504,0.257232,0.635047,0.728385,-0.703521,-0.39367,0.591675,0.154191,0.268322,-0.950908,0.334237,0.891513,0.305759,0.92979,-0.364975,0.04778,1.0
43,0.662289,-0.664464,0.346207,0.256844,0.635419,0.728198,-0.703849,-0.393357,0.591494,0.146436,0.268697,-0.952028,0.330319,0.89388,0.303094,0.93244,-0.358856,0.04214,1.0
44,0.662194,-0.66438,0.346551,0.256644,0.635596,0.728114,-0.704011,-0.393213,0.591398,0.141092,0.271424,-0.952061,0.326041,0.895293,0.303558,0.934767,-0.353241,0.037823,1.0
45,0.662048,-0.664252,0.347074,0.256304,0.635845,0.728017,-0.704272,-0.393025,0.591211,0.127124,0.273249,-0.953506,0.324365,0.896998,0.3003,0.93735,-0.347459,0.025397,1.0
46,0.661914,-0.664067,0.347683,0.255948,0.63619,0.727841,-0.704528,-0.392779,0.59107,0.116566,0.279644,-0.953001,0.326304,0.895494,0.302681,0.938049,-0.34625,0.013135,1.0
47,0.661703,-0.663728,0.348729,0.255364,0.636819,0.727496,-0.704937,-0.392334,0.590878,0.113198,0.280209,-0.95324,0.325524,0.895995,0.302037,0.938732,-0.344493,0.01021,1.0
48,0.661611,-0.663599,0.34915,0.255086,0.63704,0.7274,-0.705124,-0.392193,0.590748,0.110748,0.28228,-0.952917,0.325456,0.895647,0.30314,0.939048,-0.343705,0.007321,1.0
49,0.661555,-0.663545,0.349361,0.254962,0.63715,0.727347,-0.705223,-0.392106,0.590688,0.109468,0.283929,-0.952575,0.325262,0.895342,0.304248,0.939266,-0.343142,0.00566,1.0
50,0.661471,-0.663511,0.349583,0.254828,0.637242,0.727313,-0.705349,-0.392013,0.590599,0.10732,0.286853,-0.951944,0.325839,0.894445,0.306261,0.939314,-0.343048,0.002525,1.0
51,0.661483,-0.663591,0.349409,0.254933,0.637121,0.727382,-0.7053,-0.392075,0.590616,0.107672,0.286833,-0.95191,0.325772,0.894435,0.306363,0.939297,-0.343092,0.002864,1.0
52,0.661253,-0.663395,0.350215,0.254338,0.637463,0.727291,-0.70573,-0.39185,0.590251,0.108011,0.287048,-0.951806,0.325734,0.894339,0.306681,0.939271,-0.343161,0.003097,1.0
53,0.661119,-0.663276,0.350693,0.254153,0.637762,0.727093,-0.705922,-0.391565,0.590211,0.103977,0.288571,-0.951795,0.315178,0.8981,0.306723,0.943319,-0.331877,0.00243,1.0
54,0.660983,-0.663127,0.351231,0.253869,0.63807,0.726922,-0.706152,-0.391316,0.590101,0.096157,0.29478,-0.950714,0.305595,0.900267,0.310047,0.947293,-0.320347,-0.003516,1.0
55,0.660894,-0.663017,0.351605,0.253623,0.638262,0.726839,-0.706323,-0.391188,0.58998,0.096552,0.294733,-0.950688,0.30542,0.900298,0.310129,0.947309,-0.320303,-0.003092,1.0
56,0.660785,-0.662853,0.352119,0.253396,0.6386,0.726622,-0.706507,-0.390915,0.589942,0.099388,0.297195,-0.949629,0.304629,0.899443,0.313371,0.94727,-0.32043,-0.00114,1.0
57,0.660693,-0.662733,0.352517,0.253209,0.638848,0.726469,-0.70666,-0.390713,0.589893,0.097062,0.298907,-0.949332,0.28756,0.904734,0.314266,0.952831,-0.303494,0.001862,1.0
58,0.660697,-0.662748,0.352482,0.25327,0.638847,0.726449,-0.706635,-0.39069,0.589939,0.094439,0.302075,-0.948594,0.276082,0.907532,0.316485,0.956482,-0.291779,0.002309,1.0
59,0.66063,-0.662678,0.352739,0.253228,0.639045,0.726289,-0.706712,-0.390485,0.589981,0.087986,0.3104,-0.946524,0.271293,0.906824,0.322599,0.958466,-0.28517,-0.004421,1.0
60,0.660496,-0.662542,0.353245,0.252855,0.639271,0.726221,-0.706971,-0.390346,0.589763,0.07635,0.318811,-0.944737,0.26796,0.906085,0.327423,0.960399,-0.278151,-0.016249,1.0
61,0.660429,-0.66247,0.353505,0.252644,0.639379,0.726199,-0.707109,-0.390292,0.589633,0.072102,0.320869,-0.944374,0.262608,0.907323,0.32833,0.962204,-0.271674,-0.018843,1.0
62,0.66029,-0.662324,0.354038,0.252365,0.639682,0.72603,-0.707339,-0.390044,0.589523,0.073642,0.325394,-0.942706,0.254831,0.907752,0.333235,0.964176,-0.264771,-0.016072,1.0
63,0.660256,-0.662323,0.354104,0.252448,0.639768,0.725924,-0.707341,-0.389903,0.589613,0.077005,0.330381,-0.9407,0.241427,0.909244,0.339097,0.967358,-0.253223,-0.009747,1.0
64,0.660231,-0.662384,0.354036,0.252665,0.63979,0.725829,-0.707286,-0.389763,0.589771,0.083232,0.332369,-0.939469,0.239701,0.908384,0.342607,0.967271,-0.253708,-0.004063,1.0
65,0.660156,-0.662324,0.354287,0.252558,0.639939,0.725735,-0.707395,-0.38962,0.589735,0.08312,0.332527,-0.939423,0.239867,0.908293,0.342732,0.96724,-0.253825,-0.004265,1.0
66,0.65984,-0.661975,0.355526,0.251743,0.640559,0.725471,-0.70798,-0.389194,0.589314,0.068432,0.335163,-0.93967,0.208275,0.916326,0.342004,0.975672,-0.219114,-0.0071,1.0
67,0.659573,-0.661607,0.356704,0.251034,0.641218,0.725135,-0.70848,-0.388735,0.589016,0.053912,0.337284,-0.939857,0.176521,0.923183,0.341426,0.982818,-0.184312,-0.009767,1.0
68,0.659515,-0.661509,0.356995,0.250925,0.641423,0.724991,-0.708573,-0.388564,0.589017,0.051743,0.339391,-0.93922,0.177504,0.922379,0.343085,0.982758,-0.184468,-0.012517,1.0
69,0.65952,-0.6615,0.357001,0.251253,0.641614,0.724708,-0.708452,-0.388262,0.589361,0.052083,0.339154,-0.939287,0.178029,0.922344,0.342908,0.982645,-0.18508,-0.012341,1.0
70,0.657285,-0.66344,0.357523,0.250242,0.639605,0.726831,-0.710883,-0.388268,0.586423,0.058941,0.33193,-0.94146,0.176082,0.924855,0.3371,0.982609,-0.185643,-0.003935,1.0
71,0.654917,-0.665679,0.357707,0.249103,0.637054,0.729458,-0.713464,-0.388629,0.58304,0.060532,0.321941,-0.944822,0.17679,0.928135,0.327581,0.982385,-0.186864,-0.000734,1.0
72,0.653994,-0.66653,0.357809,0.248578,0.636057,0.730506,-0.714492,-0.388804,0.581663,0.056849,0.317855,-0.946433,0.179434,0.929277,0.322871,0.982125,-0.188177,-0.004205,1.0
73,0.653473,-0.666993,0.357899,0.248569,0.635684,0.730834,-0.714972,-0.388618,0.581196,0.052923,0.312734,-0.948365,0.183115,0.930553,0.317079,0.981665,-0.190441,-0.008019,1.0
74,0.651733,-0.668572,0.358125,0.247758,0.633949,0.732614,-0.716839,-0.388741,0.57881,0.052342,0.30675,-0.950349,0.186059,0.931995,0.311073,0.981143,-0.193103,-0.008291,1.0
75,0.650432,-0.669811,0.358176,0.247146,0.632524,0.734051,-0.718231,-0.388929,0.576956,0.051101,0.304482,-0.951146,0.18773,0.932484,0.308594,0.98089,-0.194328,-0.009509,1.0
76,0.647976,-0.672235,0.358087,0.246263,0.629796,0.736689,-0.72075,-0.389173,0.573639,0.05155,0.300652,-0.952339,0.189935,0.93325,0.304907,0.980441,-0.196601,-0.008996,1.0
77,0.646097,-0.674124,0.357929,0.245877,0.627782,0.738534,-0.722566,-0.389159,0.57136,0.048755,0.296916,-0.953657,0.192808,0.934037,0.300664,0.980024,-0.198531,-0.011709,1.0
78,0.644638,-0.675567,0.357841,0.245299,0.626114,0.740141,-0.724065,-0.389345,0.569333,0.043276,0.290336,-0.955945,0.195427,0.935897,0.293094,0.979762,-0.199502,-0.016238,1.0
79,0.644663,-0.675522,0.35788,0.245436,0.626252,0.739979,-0.723996,-0.3892,0.569519,0.039745,0.286167,-0.957354,0.196769,0.937109,0.288284,0.979643,-0.199835,-0.019064,1.0
80,0.644632,-0.675436,0.358099,0.245411,0.626452,0.739818,-0.724032,-0.389029,0.56959,0.034988,0.280533,-0.959206,0.198531,0.938714,0.281781,0.979469,-0.200291,-0.022851,1.0
81,0.644494,-0.675282,0.358638,0.245084,0.626747,0.739676,-0.724265,-0.38882,0.569436,0.030478,0.284658,-0.958144,0.199869,0.937493,0.284881,0.979348,-0.200186,-0.028322,1.0
82,0.644305,-0.675078,0.359358,0.244652,0.627142,0.739483,-0.724579,-0.388536,0.569231,0.02808,0.286116,-0.957783,0.200485,0.937079,0.285809,0.979293,-0.200047,-0.031049,1.0
83,0.644213,-0.674979,0.35971,0.244442,0.627335,0.73939,-0.724732,-0.388397,0.569131,0.024033,0.285753,-0.958001,0.201891,0.937146,0.284597,0.979112,-0.200252,-0.035168,1.0
84,0.644045,-0.674841,0.360271,0.244099,0.627622,0.73926,-0.724997,-0.388175,0.568945,0.01341,0.287407,-0.957714,0.19296,0.939053,0.284509,0.981114,-0.188616,-0.042865,1.0
85,0.643855,-0.674675,0.36092,0.243723,0.627968,0.73909,-0.725293,-0.387902,0.568755,0.004886,0.289346,-0.957211,0.177069,0.941846,0.285605,0.984185,-0.170888,-0.046632,1.0
86,0.643762,-0.674588,0.361248,0.243532,0.628146,0.739002,-0.725439,-0.387766,0.56866,0.002963,0.289263,-0.957244,0.171358,0.942942,0.285472,0.985203,-0.164878,-0.046774,1.0
87,0.643568,-0.674422,0.361904,0.243096,0.628465,0.738874,-0.725757,-0.387538,0.568409,-0.006471,0.294652,-0.955582,0.167896,0.942357,0.289437,0.985783,-0.158565,-0.055569,1.0
88,0.643316,-0.674167,0.362825,0.242553,0.628969,0.738624,-0.726162,-0.387165,0.568147,-0.012419,0.29556,-0.955242,0.169943,0.942042,0.289266,0.985375,-0.158744,-0.061928,1.0
89,0.643207,-0.674044,0.363247,0.242319,0.629213,0.738493,-0.726336,-0.386982,0.568048,-0.016116,0.29317,-0.955924,0.165103,0.943704,0.286639,0.986144,-0.153206,-0.063613,1.0
90,0.643006,-0.673823,0.36401,0.241826,0.629615,0.738312,-0.726678,-0.386712,0.567795,-0.020233,0.293172,-0.955845,0.154202,0.945516,0.28674,0.987831,-0.141592,-0.064338,1.0
91,0.642763,-0.673546,0.364952,0.241204,0.630108,0.738094,-0.7271,-0.386392,0.567472,-0.022414,0.29523,-0.955162,0.155063,0.944867,0.288409,0.98765,-0.141646,-0.066957,1.0
92,0.642583,-0.673349,0.365633,0.240837,0.630505,0.737876,-0.727382,-0.386088,0.567319,-0.022387,0.294909,-0.955262,0.154985,0.944974,0.2881,0.987662,-0.141602,-0.066862,1.0
93,0.642474,-0.673243,0.366019,0.240592,0.630704,0.737785,-0.727558,-0.385947,0.567188,-0.024496,0.294847,-0.95523,0.149521,0.945849,0.288118,0.988454,-0.135769,-0.067255,1.0
94,0.642231,-0.673033,0.366831,0.239989,0.631067,0.73767,-0.727972,-0.38572,0.566812,-0.028992,0.296605,-0.954559,0.144774,0.946138,0.289591,0.989039,-0.1298,-0.070371,1.0
95,0.642082,-0.672924,0.367291,0.239615,0.631246,0.737639,-0.728227,-0.385617,0.566555,-0.02938,0.296527,-0.954572,0.144666,0.946191,0.289471,0.989044,-0.129589,-0.070697,1.0
96,0.641993,-0.672844,0.367593,0.239421,0.631398,0.737572,-0.72837,-0.385506,0.566446,-0.037473,0.295526,-0.954599,0.135067,0.948001,0.288181,0.990127,-0.118136,-0.075441,1.0
97,0.641744,-0.672589,0.368494,0.238888,0.631893,0.737321,-0.728763,-0.385143,0.566187,-0.041267,0.29785,-0.953719,0.136335,0.947284,0.289941,0.989802,-0.118061,-0.079699,1.0
98,0.641517,-0.672319,0.36938,0.238373,0.632398,0.737054,-0.729132,-0.384782,0.565957,-0.044495,0.297841,-0.953577,0.130982,0.948022,0.289994,0.990385,-0.111998,-0.081194,1.0
99,0.641343,-0.672123,0.370038,0.237979,0.632765,0.736867,-0.729413,-0.384524,0.565771,-0.053054,0.296538,-0.953545,0.121627,0.9497,0.288575,0.991156,-0.100666,-0.086453,1.0
100,0.64129,-0.672064,0.370237,0.237861,0.632874,0.736811,-0.729498,-0.384445,0.565714,-0.054495,0.294028,-0.954241,0.122207,0.950441,0.285878,0.991006,-0.101036,-0.087727,1.0
101,0.64108,-0.671838,0.371011,0.237419,0.633312,0.736577,-0.729827,-0.38412,0.565511,-0.058727,0.292945,-0.954323,0.123489,0.950762,0.284253,0.990606,-0.101155,-0.092011,1.0
102,-0.054851,-0.381671,0.922668,0.98991,0.100118,0.100263,-0.130643,0.918859,0.372329,-0.578899,-0.382285,-0.72023,-0.334575,-0.694142,0.637358,-0.743595,0.609938,0.273935,0.0
103,-0.05293,-0.383873,0.921866,0.990164,0.099546,0.098303,-0.129505,0.918003,0.374828,-0.576073,-0.379896,-0.723752,-0.338374,-0.695171,0.634223,-0.744071,0.610258,0.271923,0.0
104,-0.055735,-0.38332,0.921931,0.990681,0.093696,0.098848,-0.124272,0.91885,0.374526,-0.582394,-0.35964,-0.729023,-0.364138,-0.686386,0.629505,-0.726787,0.632086,0.268789,0.0
105,-0.055985,-0.383521,0.921832,0.990663,0.093609,0.09911,-0.124302,0.918775,0.3747,-0.589678,-0.327193,-0.738392,-0.398531,-0.677317,0.618395,-0.70246,0.658927,0.269003,0.0
106,-0.060695,-0.38229,0.922046,0.991686,0.081911,0.099239,-0.113464,0.920404,0.37414,-0.605277,-0.280937,-0.74479,-0.434019,-0.667861,0.604638,-0.667283,0.689227,0.282309,0.0
107,-0.060749,-0.38235,0.922017,0.991682,0.081889,0.099298,-0.11347,0.920381,0.374196,-0.615473,-0.248366,-0.748001,-0.454876,-0.663102,0.594459,-0.643645,0.706122,0.295146,0.0
108,-0.060487,-0.382189,0.922101,0.991696,0.082025,0.099049,-0.113491,0.920436,0.374055,-0.625941,-0.192138,-0.75583,-0.483329,-0.665028,0.569324,-0.612038,0.721678,0.323402,0.0
109,-0.06035,-0.382131,0.922135,0.991702,0.082095,0.098923,-0.113505,0.920454,0.374006,-0.630716,-0.152373,-0.760907,-0.496561,-0.674263,0.546622,-0.596341,0.7226,0.349606,0.0
110,-0.060168,-0.382004,0.922199,0.991712,0.082186,0.098747,-0.113514,0.920498,0.373894,-0.633647,-0.131868,-0.762299,-0.506994,-0.673485,0.537934,-0.584334,0.727342,0.359896,0.0
111,-0.060084,-0.38197,0.922219,0.991716,0.082229,0.09867,-0.113522,0.920509,0.373865,-0.637972,-0.098807,-0.763693,-0.523563,-0.671587,0.524262,-0.564688,0.734307,0.376722,0.0
112,-0.05996,-0.381896,0.922257,0.991723,0.082293,0.098552,-0.113532,0.920533,0.373801,-0.645345,-0.075982,-0.760102,-0.528015,-0.674691,0.515742,-0.552022,0.734178,0.395289,0.0
113,-0.05983,-0.381808,0.922302,0.99173,0.082357,0.098427,-0.113538,0.920564,0.373723,-0.658269,-0.068555,-0.749653,-0.521908,-0.676086,0.520114,-0.542487,0.733626,0.409268,0.0
114,-0.059742,-0.381743,0.922335,0.991735,0.0824,0.098341,-0.113541,0.920587,0.373666,-0.665985,-0.068641,-0.742799,-0.517137,-0.675159,0.52605,-0.537616,0.734471,0.41415,0.0
115,-0.059508,-0.381577,0.922418,0.991748,0.082513,0.098114,-0.11355,0.920646,0.373518,-0.670878,-0.067289,-0.738507,-0.515441,-0.673664,0.529619,-0.533144,0.735967,0.417263,0.0
116,-0.059397,-0.381514,0.922452,0.991754,0.082568,0.098008,-0.113556,0.920667,0.373464,-0.673879,-0.065138,-0.735964,-0.514957,-0.672891,0.53107,-0.529817,0.736867,0.419904,0.0
117,-0.059411,-0.381526,0.922446,0.991753,0.082561,0.098022,-0.113556,0.920663,0.373475,-0.675172,-0.062604,-0.734997,-0.515008,-0.673347,0.530442,-0.528116,0.73667,0.422384,0.0
118,-0.05934,-0.381457,0.922479,0.991757,0.082597,0.097951,-0.113558,0.920688,0.373412,-0.676872,-0.058353,-0.733783,-0.515194,-0.67444,0.528871,-0.525754,0.736019,0.426446,0.0
119,-0.059279,-0.381388,0.922511,0.99176,0.082627,0.097889,-0.113559,0.920714,0.373347,-0.680335,-0.051071,-0.731118,-0.509749,-0.683783,0.522106,-0.526591,0.727895,0.439168,0.0
120,-0.05931,-0.381427,0.922493,0.991758,0.082612,0.097921,-0.113558,0.920699,0.373384,-0.687162,-0.035052,-0.725656,-0.505935,-0.693731,0.512606,-0.521379,0.719379,0.458972,0.0
121,-0.061196,-0.383357,0.92157,0.991563,0.082349,0.1001,-0.114265,0.919921,0.375083,-0.688701,-0.035413,-0.724179,-0.496768,-0.70448,0.506881,-0.52812,0.708839,0.467584,0.0
122,-0.061067,-0.383256,0.92162,0.991571,0.082408,0.099971,-0.114263,0.919958,0.374994,-0.693102,-0.027407,-0.720317,-0.489557,-0.715572,0.498287,-0.529096,0.698,0.482547,0.0
123,-0.061302,-0.383452,0.921523,0.991557,0.082291,0.100203,-0.114256,0.919886,0.37517,-0.696399,-0.023517,-0.717268,-0.481985,-0.725177,0.491739,-0.531711,0.68816,0.493678,0.0
124,-0.061401,-0.38353,0.921484,0.991552,0.082243,0.1003,-0.114254,0.919858,0.375241,-0.698558,-0.023521,-0.715166,-0.471435,-0.736748,0.484717,-0.538298,0.675757,0.503573,0.0
125,-0.061453,-0.383554,0.92147,0.991549,0.082218,0.100349,-0.114251,0.91985,0.375261,-0.709589,0.003768,-0.704604,-0.464709,-0.754176,0.463964,-0.529648,0.656661,0.536906,0.0
126,-0.063923,-0.383013,0.921528,0.992003,0.076306,0.100526,-0.108821,0.920585,0.375072,-0.722739,0.040262,-0.689946,-0.457946,-0.775587,0.434452,-0.517622,0.629954,0.578985,0.0
127,-0.063917,-0.383017,0.921526,0.992003,0.076312,0.100523,-0.108826,0.920583,0.375077,-0.734108,0.074067,-0.674981,-0.456395,-0.789839,0.409703,-0.502781,0.608824,0.613631,0.0
128,-0.063911,-0.383018,0.921526,0.992003,0.076316,0.100519,-0.108828,0.920582,0.375078,-0.737988,0.083192,-0.669665,-0.453974,-0.795441,0.401473,-0.49928,0.600293,0.624793,0.0
129,-0.064038,-0.38312,0.921475,0.991998,0.076232,0.100633,-0.108801,0.920547,0.375172,-0.742423,0.090233,-0.663826,-0.450106,-0.801105,0.394505,-0.496197,0.591682,0.635373,0.0
130,-0.066083,-0.385151,0.920483,0.991782,0.075922,0.102969,-0.109544,0.919724,0.376969,-0.74055,0.099454,-0.6646,-0.451395,-0.806267,0.382327,-0.497822,0.58313,0.641975,0.0
131,-0.065939,-0.385029,0.920545,0.991792,0.075986,0.102824,-0.109539,0.91977,0.376858,-0.743279,0.106545,-0.660441,-0.450193,-0.809905,0.376003,-0.494834,0.576801,0.649952,0.0
132,-0.067814,-0.386922,0.919615,0.991587,0.075723,0.104981,-0.110255,0.918997,0.378532,-0.749334,0.127052,-0.649889,-0.448888,-0.818971,0.357469,-0.486823,0.559592,0.670715,0.0
133,-0.067723,-0.386851,0.919651,0.991593,0.075764,0.104891,-0.110254,0.919024,0.378467,-0.754527,0.147268,-0.63953,-0.448827,-0.826759,0.33915,-0.478792,0.542937,0.689911,0.0
134,-0.067864,-0.386967,0.919592,0.991583,0.075694,0.105029,-0.110251,0.918981,0.378573,-0.756836,0.154008,-0.635199,-0.448348,-0.829477,0.333092,-0.475585,0.536887,0.696828,0.0
135,-0.067953,-0.38703,0.919559,0.991578,0.075651,0.105115,-0.110248,0.918958,0.37863,-0.759562,0.158437,-0.630842,-0.447007,-0.831699,0.329334,-0.472492,0.53214,0.70255,0.0
136,-0.067959,-0.387045,0.919552,0.991577,0.075647,0.105122,-0.110249,0.918952,0.378644,-0.759078,0.164759,-0.629804,-0.451808,-0.829844,0.327457,-0.468688,0.533116,0.704356,0.0
137,-0.067996,-0.38707,0.919539,0.991575,0.075629,0.105158,-0.110247,0.918943,0.378666,-0.755756,0.171908,-0.631885,-0.462087,-0.823719,0.328575,-0.464012,0.540309,0.701967,0.0
138,-0.067996,-0.387069,0.919539,0.991575,0.075628,0.105158,-0.110246,0.918943,0.378666,-0.752807,0.177063,-0.633978,-0.471857,-0.816694,0.332205,-0.458945,0.549233,0.698363,0.0
139,-0.074296,-0.386372,0.919345,0.991536,0.069804,0.109466,-0.106469,0.919697,0.377916,-0.746478,0.182048,-0.640021,-0.493432,-0.796748,0.348879,-0.446423,0.576238,0.684583,0.0
140,-0.074086,-0.386339,0.919376,0.991556,0.069848,0.109254,-0.106426,0.919708,0.377902,-0.740845,0.15422,-0.65373,-0.495684,-0.782323,0.377182,-0.453259,0.603477,0.656025,0.0
141,-0.075932,-0.388191,0.918444,0.991338,0.069595,0.111373,-0.107154,0.918946,0.379544,-0.736012,0.13158,-0.664057,-0.495613,-0.772931,0.396163,-0.461143,0.620696,0.634099,0.0
142,-0.075933,-0.388189,0.918445,0.991338,0.06959,0.111372,-0.107148,0.918947,0.379543,-0.723044,0.078549,-0.686321,-0.496587,-0.749751,0.437349,-0.480217,0.65704,0.58111,0.0
143,-0.076048,-0.388281,0.918397,0.991327,0.069557,0.111494,-0.107172,0.918911,0.379624,-0.70863,0.026291,-0.705089,-0.498954,-0.725239,0.474417,-0.498886,0.687994,0.527045,0.0
144,-0.076012,-0.388272,0.918403,0.991329,0.069575,0.111462,-0.107175,0.918914,0.379617,-0.696218,-0.004396,-0.717816,-0.50317,-0.710198,0.492378,-0.511957,0.703986,0.492241,0.0
145,-0.075962,-0.388249,0.918417,0.991333,0.069599,0.111415,-0.107177,0.918921,0.379598,-0.690399,-0.014134,-0.723289,-0.505896,-0.705254,0.496673,-0.517123,0.708813,0.479757,0.0
146,-0.077916,-0.390215,0.91742,0.991101,0.069295,0.113647,-0.10792,0.918112,0.381343,-0.671093,-0.036514,-0.740472,-0.5174,-0.692262,0.503059,-0.53097,0.720721,0.445681,0.0
147,-0.077677,-0.390027,0.91752,0.991121,0.069399,0.113408,-0.107907,0.918183,0.381174,-0.646914,-0.075808,-0.758785,-0.527141,-0.674554,0.516814,-0.551021,0.734321,0.396418,0.0
148,-0.077675,-0.390027,0.91752,0.991121,0.0694,0.113407,-0.107907,0.918184,0.381173,-0.634898,-0.102948,-0.765705,-0.528701,-0.664788,0.527761,-0.563363,0.739905,0.367644,0.0
149,-0.077869,-0.390179,0.917439,0.991106,0.069304,0.113596,-0.107905,0.918126,0.381313,-0.609178,-0.152775,-0.778177,-0.541175,-0.637189,0.548742,-0.579681,0.755412,0.305484,0.0
150,-0.077887,-0.390162,0.917445,0.991091,0.069418,0.11366,-0.108032,0.918125,0.38128,-0.571619,-0.188825,-0.798495,-0.563232,-0.617375,0.549196,-0.596673,0.76367,0.246551,0.0
151,-0.080454,-0.389544,0.917486,0.991437,0.063704,0.113986,-0.10285,0.918801,0.381083,-0.538605,-0.224621,-0.812064,-0.58062,-0.599475,0.550916,-0.61056,0.768228,0.19246,0.0
152,-0.080509,-0.389579,0.917466,0.991422,0.063776,0.114079,-0.102956,0.918782,0.381103,-0.52748,-0.248179,-0.812509,-0.588921,-0.58249,0.560246,-0.61232,0.774023,0.161094,0.0
153,-0.080507,-0.389575,0.917469,0.9914,0.063973,0.114159,-0.103167,0.91877,0.381074,-0.502881,-0.299868,-0.810671,-0.611395,-0.539563,0.578849,-0.610987,0.786734,0.087998,0.0
154,-0.080433,-0.389497,0.917508,0.991365,0.064376,0.114236,-0.10356,0.918774,0.380956,-0.48718,-0.370444,-0.790838,-0.611568,-0.501727,0.611762,-0.62341,0.78169,0.017879,0.0
155,-0.080435,-0.389488,0.917511,0.991345,0.064546,0.114308,-0.103743,0.918766,0.380925,-0.483595,-0.405099,-0.775905,-0.608288,-0.481865,0.630706,-0.629381,0.77698,-0.013389,0.0
156,-0.080347,-0.389406,0.917554,0.991317,0.064906,0.114352,-0.104084,0.918776,0.38081,-0.464078,-0.463726,-0.754711,-0.616599,-0.442584,0.651093,-0.635953,0.767513,-0.080539,0.0
157,-0.084655,-0.390513,0.916696,0.9914,0.059123,0.116741,-0.099787,0.918696,0.38215,-0.443081,-0.504596,-0.740986,-0.635692,-0.405965,0.656573,-0.632119,0.761954,-0.140892,0.0
158,-0.084525,-0.390402,0.916755,0.991395,0.059345,0.116678,-0.099956,0.918729,0.382027,-0.439704,-0.530511,-0.724718,-0.663072,-0.352516,0.660352,-0.6058,0.7709,-0.196765,0.0
159,-0.084445,-0.390348,0.916786,0.991393,0.059457,0.116632,-0.100037,0.918745,0.381968,-0.438782,-0.537208,-0.720331,-0.676828,-0.329711,0.658174,-0.591078,0.776336,-0.218926,0.0
160,-0.084345,-0.390291,0.916819,0.991385,0.059653,0.116599,-0.100198,0.918756,0.381898,-0.437594,-0.547017,-0.71364,-0.691763,-0.302223,0.655838,-0.574434,0.780661,-0.246155,0.0
161,-0.084197,-0.390202,0.916871,0.991389,0.059798,0.116489,-0.100281,0.918785,0.381808,-0.438525,-0.552853,-0.708553,-0.70017,-0.284108,0.655014,-0.563433,0.783348,-0.262502,0.0
162,-0.084265,-0.390257,0.916841,0.991378,0.059814,0.116575,-0.100334,0.91876,0.381853,-0.434116,-0.556981,-0.708035,-0.707556,-0.275661,0.650672,-0.55759,0.783442,-0.274427,0.0
163,-0.086736,-0.389546,0.916913,0.991696,0.053955,0.116732,-0.094944,0.919424,0.381632,-0.421974,-0.567332,-0.707157,-0.716384,-0.269389,0.643601,-0.555636,0.778179,-0.292753,0.0
164,-0.086971,-0.389706,0.916822,0.991663,0.053965,0.117008,-0.095075,0.919356,0.381764,-0.418924,-0.57526,-0.70255,-0.719392,-0.261835,0.643362,-0.554054,0.77493,-0.304148,0.0
165,-0.087032,-0.389705,0.916817,0.991615,0.054351,0.117235,-0.095517,0.919334,0.381707,-0.423655,-0.580736,-0.69517,-0.720924,-0.248487,0.646932,-0.548438,0.775241,-0.313394,0.0
166,-0.087112,-0.389742,0.916794,0.99158,0.05458,0.117421,-0.095803,0.919305,0.381706,-0.423208,-0.579946,-0.696101,-0.722304,-0.247854,0.645634,-0.546965,0.776035,-0.314003,0.0
167,-0.089529,-0.388951,0.916897,0.991829,0.049181,0.117708,-0.090876,0.919944,0.38137,-0.423123,-0.578792,-0.697112,-0.725003,-0.245188,0.643624,-0.543448,0.777741,-0.315882,0.0
168,-0.089621,-0.389017,0.91686,0.991786,0.04948,0.117938,-0.091247,0.9199,0.381388,-0.421867,-0.575606,-0.700503,-0.72815,-0.245247,0.640038,-0.540207,0.780083,-0.315666,0.0
169,-0.089684,-0.389062,0.916835,0.991774,0.049524,0.118029,-0.091326,0.919879,0.38142,-0.421793,-0.570025,-0.705097,-0.729524,-0.248426,0.637242,-0.538409,0.78317,-0.311062,0.0
170,-0.089767,-0.389124,0.9168,0.991766,0.049486,0.118111,-0.091329,0.919854,0.381478,-0.427535,-0.560099,-0.709578,-0.725793,-0.255267,0.638797,-0.538922,0.788116,-0.297381,0.0
171,-0.089762,-0.389125,0.9168,0.991766,0.049491,0.118107,-0.091332,0.919854,0.381479,-0.43509,-0.555705,-0.70844,-0.719718,-0.258128,0.644494,-0.541018,0.790291,-0.287642,0.0
172,-0.089704,-0.38909,0.916821,0.991771,0.04952,0.118053,-0.091334,0.919867,0.381446,-0.438373,-0.552796,-0.708691,-0.717492,-0.259662,0.646359,-0.541325,0.791827,-0.282798,0.0
173,-0.089688,-0.389077,0.916828,0.991772,0.049528,0.118037,-0.091334,0.919872,0.381434,-0.43895,-0.552736,-0.708381,-0.717204,-0.259368,0.646796,-0.54124,0.791966,-0.282575,0.0
174,-0.089643,-0.389039,0.916849,0.991777,0.04955,0.117994,-0.091335,0.919887,0.381398,-0.443022,-0.553437,-0.705293,-0.713253,-0.259035,0.651284,-0.54314,0.791586,-0.279982,0.0
175,-0.089612,-0.389026,0.916857,0.991781,0.049542,0.117956,-0.091311,0.919893,0.381389,-0.443728,-0.553387,-0.704888,-0.712783,-0.258814,0.651885,-0.54318,0.791692,-0.279603,0.0
176,-0.089628,-0.389039,0.91685,0.99178,0.049535,0.117971,-0.091311,0.919888,0.381401,-0.443548,-0.553477,-0.704931,-0.712688,-0.259113,0.65187,-0.543452,0.791532,-0.279527,0.0
177,-0.089606,-0.389015,0.916862,0.99178,0.04957,0.11796,-0.091337,0.919896,0.381375,-0.445711,-0.551445,-0.705158,-0.710541,-0.261204,0.653378,-0.544493,0.792262,-0.275403,0.0
178,-0.089509,-0.38894,0.916904,0.991788,0.049618,0.117866,-0.091338,0.919925,0.381305,-0.448301,-0.550054,-0.704603,-0.70853,-0.261923,0.655271,-0.544987,0.792992,-0.272309,0.0
179,-0.089535,-0.388964,0.916891,0.991786,0.049605,0.117892,-0.091338,0.919916,0.381328,-0.448859,-0.549353,-0.704794,-0.708562,-0.261771,0.655297,-0.544485,0.793527,-0.271752,0.0
180,-0.089432,-0.388887,0.916934,0.991798,0.049631,0.117783,-0.091313,0.919947,0.381259,-0.449404,-0.549242,-0.704533,-0.708752,-0.260857,0.655456,-0.543787,0.793905,-0.272046,0.0
181,-0.089304,-0.388786,0.916989,0.991809,0.049693,0.117659,-0.091312,0.919986,0.381164,-0.450499,-0.546605,-0.705884,-0.708834,-0.261701,0.655031,-0.542774,0.795446,-0.269556,0.0
182,-0.091354,-0.39071,0.915968,0.991555,0.049328,0.119933,-0.092042,0.91919,0.382904,-0.451185,-0.54407,-0.707402,-0.709128,-0.262685,0.654319,-0.54182,0.796858,-0.267296,0.0
183,-0.091248,-0.390621,0.916017,0.991565,0.049374,0.119828,-0.092035,0.919226,0.382821,-0.451319,-0.544081,-0.707309,-0.70944,-0.262034,0.654242,-0.5413,0.797065,-0.267732,0.0
184,-0.091317,-0.39068,0.915985,0.991561,0.049314,0.119884,-0.092008,0.919204,0.38288,-0.455076,-0.544586,-0.704506,-0.706068,-0.261385,0.658136,-0.54256,0.796933,-0.265565,0.0
185,-0.091482,-0.390803,0.915916,0.991546,0.049233,0.120042,-0.092007,0.919156,0.382995,-0.453377,-0.547008,-0.703726,-0.7038,-0.264755,0.659218,-0.546913,0.794157,-0.26495,0.0
186,-0.091483,-0.390802,0.915916,0.991546,0.049232,0.120043,-0.092006,0.919156,0.382995,-0.453186,-0.546887,-0.703943,-0.704339,-0.264344,0.658807,-0.546376,0.794378,-0.265397,0.0
187,-0.091478,-0.3908,0.915918,0.991549,0.04921,0.120028,-0.091979,0.919158,0.382996,-0.453481,-0.544237,-0.705804,-0.705216,-0.265139,0.657548,-0.544999,0.795931,-0.263569,0.0
188,-0.091524,-0.390853,0.91589,0.991557,0.049066,0.120023,-0.09185,0.919143,0.383063,-0.455249,-0.537235,-0.710018,-0.70553,-0.26877,0.655735,-0.543115,0.799463,-0.256678,0.0
189,-0.091522,-0.390872,0.915883,0.991567,0.048969,0.119983,-0.091748,0.919141,0.383094,-0.45868,-0.52602,-0.716181,-0.705258,-0.274805,0.653523,-0.540576,0.804851,-0.244933,0.0
190,-0.091528,-0.39088,0.915879,0.991571,0.048918,0.119969,-0.091696,0.91914,0.383108,-0.457688,-0.522717,-0.719227,-0.703721,-0.281431,0.652358,-0.543412,0.804712,-0.239039,0.0
191,-0.091477,-0.390847,0.915898,0.991585,0.048845,0.11988,-0.091592,0.919158,0.38309,-0.465258,-0.513207,-0.721216,-0.700603,-0.284478,0.65439,-0.541008,0.809747,-0.227199,0.0
192,-0.09144,-0.390822,0.915912,0.991589,0.048863,0.119845,-0.091593,0.919167,0.383067,-0.462783,-0.508642,-0.726026,-0.69377,-0.302017,0.653809,-0.551828,0.806268,-0.213112,0.0
193,-0.09152,-0.390884,0.915878,0.991581,0.048824,0.119922,-0.091593,0.919143,0.383125,-0.464183,-0.504788,-0.72782,-0.68985,-0.309359,0.654525,-0.555555,0.805906,-0.204629,0.0
194,-0.09138,-0.390768,0.915941,0.991597,0.048869,0.119776,-0.091566,0.91919,0.383019,-0.466735,-0.495184,-0.732768,-0.687173,-0.318524,0.652943,-0.556732,0.80829,-0.191611,0.0
195,-0.091331,-0.390731,0.915962,0.991601,0.048893,0.11973,-0.091567,0.919205,0.382984,-0.46471,-0.493161,-0.735415,-0.683054,-0.328849,0.652146,-0.563454,0.805387,-0.184036,0.0
196,-0.091425,-0.390805,0.915921,0.991592,0.048849,0.119821,-0.091569,0.919175,0.383054,-0.463121,-0.494892,-0.735254,-0.681112,-0.332082,0.652538,-0.567101,0.802996,-0.183283,0.0
197,-0.091404,-0.39079,0.915929,0.991597,0.048835,0.119791,-0.091542,0.919183,0.383043,-0.463053,-0.494938,-0.735266,-0.68114,-0.332087,0.652507,-0.567123,0.802965,-0.183348,0.0
198,-0.091487,-0.390837,0.915901,0.991589,0.048795,0.119869,-0.091541,0.919165,0.383085,-0.456703,-0.493878,-0.739936,-0.683254,-0.337933,0.647274,-0.569724,0.801177,-0.183109,0.0
199,-0.091655,-0.390941,0.91584,0.991576,0.048689,0.120018,-0.091512,0.919127,0.383186,-0.456344,-0.490902,-0.742134,-0.684819,-0.338762,0.645183,-0.568129,0.802654,-0.181587,0.0
200,-0.091782,-0.391025,0.915791,0.991565,0.048627,0.120139,-0.091509,0.919094,0.383264,-0.454093,-0.490863,-0.74354,-0.68309,-0.343975,0.644257,-0.572001,0.800458,-0.179108,0.0
201,-0.091887,-0.391084,0.915756,0.991555,0.048575,0.120237,-0.091506,0.919071,0.383319,-0.456362,-0.486867,-0.744777,-0.68296,-0.34486,0.643922,-0.570349,0.802515,-0.17513,0.0
202,-0.092052,-0.391207,0.915686,0.99154,0.048493,0.120396,-0.091505,0.919023,0.383434,-0.454753,-0.486339,-0.746104,-0.68148,-0.349337,0.643076,-0.573396,0.800897,-0.172568,0.0
203,-0.091931,-0.39112,0.915736,0.991554,0.048528,0.120269,-0.091479,0.919059,0.383355,-0.453453,-0.485446,-0.747476,-0.67985,-0.353932,0.642289,-0.576353,0.79942,-0.169539,0.0
204,-0.091894,-0.391095,0.91575,0.991557,0.048546,0.120234,-0.091479,0.919068,0.383333,-0.454461,-0.482911,-0.748505,-0.679784,-0.354999,0.64177,-0.575637,0.800482,-0.166942,0.0
205,-0.091856,-0.39107,0.915765,0.991561,0.048565,0.120198,-0.09148,0.919078,0.383309,-0.453138,-0.480401,-0.750919,-0.678064,-0.361096,0.640185,-0.5787,0.799264,-0.162116,0.0
206,-0.091768,-0.391004,0.915802,0.991571,0.048584,0.120104,-0.091455,0.919105,0.38325,-0.449764,-0.477959,-0.754497,-0.674369,-0.372154,0.637751,-0.585608,0.795648,-0.154939,0.0
207,-0.091715,-0.390964,0.915824,0.991578,0.048586,0.120042,-0.091428,0.919122,0.383216,-0.449794,-0.477998,-0.754455,-0.674397,-0.372048,0.637782,-0.585553,0.795673,-0.155016,0.0
208,-0.091657,-0.390925,0.915847,0.991586,0.04859,0.119977,-0.091403,0.919138,0.383183,-0.447171,-0.47817,-0.755903,-0.672599,-0.377325,0.63658,-0.589615,0.793081,-0.152889,0.0
209,-0.091695,-0.390958,0.915829,0.991587,0.048523,0.119994,-0.091351,0.919128,0.38322,-0.447444,-0.475629,-0.757344,-0.672437,-0.379372,0.635534,-0.589594,0.793633,-0.150083,0.0
210,-0.091824,-0.391052,0.915776,0.99158,0.048411,0.120097,-0.091298,0.919094,0.383314,-0.447585,-0.473373,-0.758673,-0.672306,-0.38128,0.63453,-0.589637,0.794067,-0.147597,0.0
211,-0.091839,-0.391064,0.915769,0.991579,0.048403,0.120112,-0.091298,0.919089,0.383326,-0.444063,-0.476297,-0.758912,-0.666566,-0.390396,0.635043,-0.598746,0.787865,-0.144123,0.0
212,-0.091819,-0.391053,0.915776,0.991581,0.048414,0.120092,-0.091299,0.919093,0.383315,-0.445911,-0.47552,-0.758316,-0.659926,-0.3977,0.637441,-0.604699,0.784675,-0.136469,0.0
213,-0.094169,-0.390207,0.915898,0.991845,0.042588,0.120122,-0.085879,0.919741,0.383015,-0.444742,-0.478975,-0.756826,-0.65585,-0.40131,0.639382,-0.60997,0.780725,-0.135656,0.0
214,-0.094136,-0.390184,0.915911,0.991848,0.042607,0.120091,-0.085881,0.91975,0.382992,-0.443623,-0.481908,-0.75562,-0.652084,-0.404822,0.641018,-0.614804,0.777099,-0.134656,0.0
215,-0.09607,-0.392007,0.914931,0.991595,0.042329,0.122256,-0.086654,0.918987,0.384646,-0.440435,-0.488312,-0.75337,-0.644083,-0.412726,0.64406,-0.625438,0.7689,-0.132734,0.0
216,-0.095974,-0.391935,0.914972,0.991605,0.042368,0.122161,-0.086644,0.919016,0.384579,-0.440123,-0.488373,-0.753513,-0.64407,-0.413016,0.643886,-0.62567,0.768705,-0.132768,0.0
217,-0.095985,-0.391948,0.914966,0.991604,0.042364,0.122172,-0.086647,0.919011,0.384591,-0.437167,-0.488238,-0.755319,-0.641888,-0.418878,0.642277,-0.629971,0.765613,-0.130274,0.0
218,-0.096001,-0.391961,0.914959,0.991602,0.042357,0.122187,-0.086647,0.919006,0.384603,-0.437039,-0.488403,-0.755287,-0.641934,-0.418814,0.642273,-0.630014,0.765543,-0.130485,0.0
219,-0.096048,-0.391995,0.914939,0.9916,0.042309,0.122223,-0.086621,0.918994,0.384638,-0.427719,-0.492853,-0.757727,-0.635301,-0.4324,0.63986,-0.642999,0.755066,-0.128164,0.0
220,-0.098064,-0.393886,0.913912,0.991334,0.041992,0.124469,-0.087403,0.918199,0.386355,-0.42376,-0.494943,-0.758589,-0.623452,-0.448158,0.640672,-0.657064,0.744436,-0.118662,0.0
221,-0.097874,-0.393738,0.913996,0.991354,0.04207,0.124281,-0.087386,0.918259,0.386217,-0.421509,-0.494735,-0.759978,-0.620627,-0.453655,0.639545,-0.661174,0.741237,-0.115826,0.0
222,-0.099715,-0.395515,0.91303,0.991107,0.041768,0.126336,-0.088103,0.917509,0.387833,-0.419704,-0.492524,-0.762408,-0.617416,-0.460781,0.637555,-0.665315,0.738309,-0.110701,0.0
223,-0.099605,-0.395446,0.913072,0.991119,0.041818,0.12623,-0.0881,0.917536,0.387769,-0.414494,-0.492576,-0.765221,-0.611778,-0.47169,0.635008,-0.673737,0.731353,-0.105835,0.0
224,-0.09957,-0.395434,0.91308,0.991124,0.04181,0.126187,-0.088075,0.917542,0.387762,-0.413272,-0.489443,-0.767887,-0.613252,-0.473774,0.632027,-0.673147,0.732108,-0.104355,0.0
225,-0.099645,-0.395496,0.913046,0.991117,0.041772,0.126259,-0.088075,0.917517,0.387821,-0.411988,-0.487295,-0.76994,-0.609662,-0.480562,0.630373,-0.677182,0.72911,-0.0991,0.0
226,-0.099532,-0.395409,0.913096,0.991128,0.041828,0.126151,-0.088074,0.917552,0.387738,-0.410618,-0.484956,-0.772146,-0.606035,-0.487557,0.628497,-0.681259,0.72602,-0.093701,0.0
