,r1,r2,r3,r4,r5,r6,r7,r8,r9,r10,r11,r12,r13,r14,r15,r16,r17,r18,status
0,0.60535,-0.664716,0.437838,0.178822,0.64959,0.738955,-0.775611,-0.369031,0.512095,-0.02668,-0.368718,-0.929157,0.711297,0.646088,-0.276812,0.702384,-0.668293,0.245031,1.0
1,0.604564,-0.665655,0.437498,0.178677,0.648566,0.739889,-0.776258,-0.36914,0.511037,-0.035021,-0.393428,-0.918687,0.725761,0.621951,-0.294017,0.687054,-0.677045,0.263754,1.0
2,0.604612,-0.66565,0.43744,0.178848,0.648618,0.739802,-0.776181,-0.369058,0.511212,-0.060254,-0.430754,-0.900454,0.748116,0.577724,-0.326428,0.660825,-0.693314,0.287444,1.0
3,0.604168,-0.665307,0.438573,0.178178,0.649235,0.739422,-0.77668,-0.368591,0.510791,-0.13775,-0.45301,-0.880798,0.781985,0.496039,-0.377418,0.607884,-0.740761,0.285918,1.0
4,0.603951,-0.665121,0.439154,0.177839,0.649561,0.739217,-0.776926,-0.368353,0.510588,-0.175409,-0.466958,-0.866706,0.794465,0.452784,-0.404736,0.581426,-0.759562,0.29156,1.0
5,0.603573,-0.664752,0.44023,0.177199,0.650178,0.738828,-0.777366,-0.367929,0.510224,-0.221818,-0.502329,-0.835739,0.799842,0.396491,-0.450606,0.557716,-0.768413,0.313835,1.0
6,0.60319,-0.664344,0.44137,0.176534,0.650852,0.738395,-0.777815,-0.367476,0.509867,-0.258558,-0.521373,-0.813213,0.81079,0.340512,-0.476099,0.525134,-0.782445,0.334682,1.0
7,0.602974,-0.664103,0.442027,0.176176,0.651256,0.738124,-0.778063,-0.367195,0.50969,-0.275369,-0.519435,-0.808924,0.822796,0.307825,-0.477755,0.49717,-0.797139,0.342623,1.0
8,0.602813,-0.663939,0.442493,0.175899,0.651525,0.737952,-0.778251,-0.367013,0.509534,-0.271485,-0.51593,-0.812472,0.825594,0.309037,-0.472113,0.494661,-0.798944,0.342049,1.0
9,0.602529,-0.663673,0.443279,0.175436,0.651974,0.737666,-0.778576,-0.366698,0.509266,-0.271565,-0.500385,-0.822111,0.825716,0.317686,-0.466119,0.494412,-0.805413,0.326903,1.0
10,0.602164,-0.663332,0.444284,0.174866,0.652558,0.737285,-0.778986,-0.366276,0.508941,-0.278946,-0.487679,-0.827259,0.827896,0.31438,-0.464491,0.486596,-0.814453,0.316052,1.0
11,0.602049,-0.663214,0.444616,0.174751,0.652789,0.737108,-0.779101,-0.366078,0.508908,-0.268839,-0.488764,-0.82996,0.832018,0.316273,-0.455759,0.485253,-0.813068,0.321634,1.0
12,0.601851,-0.663014,0.445182,0.174681,0.653242,0.736723,-0.77927,-0.365633,0.50897,-0.251472,-0.490196,-0.834547,0.838276,0.320692,-0.440964,0.483791,-0.810471,0.330274,1.0
13,0.601662,-0.662817,0.44573,0.174621,0.653685,0.736344,-0.779429,-0.365197,0.509039,-0.248449,-0.484836,-0.838574,0.840364,0.322652,-0.435526,0.481727,-0.812913,0.327276,1.0
14,0.601623,-0.66275,0.445882,0.174729,0.653876,0.736149,-0.779435,-0.364976,0.509188,-0.243133,-0.481102,-0.842274,0.845388,0.320663,-0.427192,0.475609,-0.815913,0.328754,1.0
15,0.601537,-0.662604,0.446215,0.175173,0.654391,0.735585,-0.779402,-0.364317,0.50971,-0.230206,-0.473673,-0.850081,0.84943,0.328434,-0.413036,0.474839,-0.817168,0.326744,1.0
16,0.599785,-0.664032,0.446451,0.174592,0.653115,0.736857,-0.78088,-0.364009,0.507663,-0.239024,-0.458222,-0.856095,0.845152,0.33593,-0.415775,0.478105,-0.822911,0.306971,1.0
17,0.599746,-0.66376,0.446908,0.17463,0.65361,0.736408,-0.780902,-0.363614,0.507913,-0.237131,-0.430255,-0.871004,0.845818,0.349588,-0.402962,0.47787,-0.832266,0.28102,1.0
18,0.600631,-0.664546,0.444545,0.175951,0.652244,0.737304,-0.779925,-0.36463,0.508686,-0.236638,-0.41299,-0.879455,0.846527,0.356615,-0.395243,0.476858,-0.838012,0.265218,1.0
19,0.602041,-0.665774,0.440783,0.177668,0.649898,0.738962,-0.778446,-0.366573,0.509553,-0.249901,-0.385739,-0.888118,0.842646,0.36518,-0.395716,0.476966,-0.847259,0.233783,1.0
20,0.606568,-0.669858,0.42821,0.184408,0.642461,0.743799,-0.773349,-0.372199,0.513223,-0.253769,-0.384931,-0.887371,0.851539,0.346226,-0.39371,0.458782,-0.855543,0.239922,1.0
21,0.606578,-0.67195,0.424906,0.185501,0.639327,0.746224,-0.773079,-0.373823,0.512449,-0.26014,-0.39074,-0.882977,0.855298,0.33113,-0.398519,0.448098,-0.858879,0.248059,1.0
22,0.604442,-0.670536,0.430151,0.182794,0.642281,0.744353,-0.775393,-0.371289,0.510791,-0.25687,-0.39708,-0.881104,0.861906,0.318298,-0.394718,0.437189,-0.860821,0.260485,1.0
23,0.602652,-0.671826,0.430649,0.182207,0.641248,0.745386,-0.776923,-0.370741,0.508861,-0.251906,-0.39763,-0.882288,0.863786,0.318703,-0.390257,0.436366,-0.860417,0.263184,1.0
24,0.600398,-0.672634,0.432532,0.180926,0.641096,0.745829,-0.778965,-0.369538,0.50661,-0.250651,-0.395032,-0.883811,0.864359,0.31981,-0.388078,0.435955,-0.861203,0.261289,1.0
25,0.598451,-0.673879,0.433293,0.179747,0.639982,0.74707,-0.780734,-0.369202,0.504126,-0.249784,-0.392306,-0.885269,0.864594,0.321287,-0.386329,0.435985,-0.861898,0.258933,1.0
26,0.598554,-0.673796,0.433278,0.180512,0.6404,0.746526,-0.780478,-0.368625,0.504942,-0.244567,-0.384973,-0.889933,0.866327,0.325469,-0.378874,0.435503,-0.863634,0.253914,1.0
27,0.595718,-0.675809,0.434051,0.179209,0.638621,0.748362,-0.782945,-0.368027,0.501549,-0.234289,-0.376329,-0.896373,0.87047,0.329357,-0.365794,0.432886,-0.865967,0.250418,1.0
28,0.589778,-0.678899,0.437328,0.175508,0.63635,0.751168,-0.788262,-0.366268,0.494458,-0.195491,-0.372988,-0.907007,0.877925,0.345619,-0.331351,0.437069,-0.861061,0.25989,1.0
29,0.587801,-0.680745,0.437121,0.174951,0.634496,0.752865,-0.789861,-0.36606,0.492054,-0.174803,-0.368794,-0.912925,0.877895,0.361437,-0.314105,0.445806,-0.85636,0.260582,1.0
30,0.586866,-0.680394,0.43892,0.174424,0.635598,0.752057,-0.790672,-0.364799,0.491689,-0.155627,-0.355431,-0.921655,0.880059,0.373864,-0.292781,0.448638,-0.856676,0.254617,1.0
31,0.586734,-0.680179,0.439429,0.174275,0.636001,0.751751,-0.790803,-0.364496,0.491702,-0.130435,-0.350814,-0.927316,0.888639,0.373399,-0.266256,0.439666,-0.858779,0.263043,1.0
32,0.576315,-0.68863,0.440055,0.179849,0.632145,0.753688,-0.797192,-0.355218,0.488164,-0.115908,-0.351668,-0.92892,0.890818,0.376851,-0.253821,0.439326,-0.856919,0.269592,1.0
33,0.571167,-0.692616,0.440512,0.178217,0.628501,0.757116,-0.801253,-0.353933,0.482415,-0.084933,-0.355501,-0.930808,0.902813,0.367786,-0.222847,0.421561,-0.859274,0.289713,1.0
34,0.56111,-0.700397,0.441132,0.179871,0.623373,0.760954,-0.807961,-0.347632,0.475762,-0.070862,-0.353444,-0.932767,0.928535,0.318259,-0.191135,0.364417,-0.879652,0.305633,1.0
35,0.554153,-0.705639,0.441573,0.182302,0.620474,0.762743,-0.812206,-0.342177,0.472477,-0.070484,-0.353715,-0.932693,0.936571,0.298341,-0.18392,0.343316,-0.886497,0.310251,1.0
36,0.552026,-0.706352,0.443094,0.181882,0.620607,0.762735,-0.813747,-0.340459,0.471065,-0.075201,-0.354484,-0.932032,0.950589,0.256844,-0.174385,0.301204,-0.899094,0.317654,1.0
37,0.551164,-0.705434,0.445623,0.181542,0.622656,0.761145,-0.814407,-0.338616,0.471252,-0.085925,-0.352569,-0.931832,0.957544,0.229108,-0.174982,0.275184,-0.907305,0.317914,1.0
38,0.543727,-0.711717,0.444768,0.184191,0.618227,0.764112,-0.8188,-0.333546,0.467239,-0.092869,-0.350245,-0.932042,0.96446,0.200917,-0.1716,0.247366,-0.914855,0.319138,1.0
39,0.541633,-0.712609,0.445894,0.183102,0.617714,0.764788,-0.82043,-0.332591,0.465055,-0.092158,-0.350377,-0.932063,0.965971,0.195727,-0.169087,0.241674,-0.915929,0.320416,1.0
40,0.53218,-0.719929,0.445518,0.184192,0.612074,0.76905,-0.826352,-0.327212,0.458339,-0.086537,-0.352155,-0.931932,0.96951,0.1855,-0.160122,0.229261,-0.917374,0.325365,1.0
41,0.529493,-0.724333,0.441563,0.190162,0.608619,0.770338,-0.826725,-0.32392,0.46,-0.071325,-0.357254,-0.931279,0.971364,0.187262,-0.146231,0.226635,-0.915041,0.333668,1.0
42,0.520309,-0.729806,0.443464,0.194945,0.607086,0.770352,-0.831429,-0.31437,0.458144,-0.059504,-0.361273,-0.930559,0.972651,0.188685,-0.135449,0.224517,-0.913169,0.340165,1.0
43,0.505485,-0.739146,0.445136,0.208403,0.605214,0.768299,-0.837288,-0.295596,0.459967,-0.031117,-0.371005,-0.928108,0.975094,0.192737,-0.109738,0.219594,-0.908408,0.355768,1.0
44,0.496573,-0.742664,0.449293,0.21211,0.605755,0.766857,-0.841679,-0.285501,0.458328,-0.022696,-0.37453,-0.926936,0.976541,0.190279,-0.100793,0.214127,-0.90748,0.361426,1.0
45,0.47415,-0.753913,0.454749,0.224341,0.602904,0.765622,-0.851382,-0.261001,0.455001,-0.022866,-0.374749,-0.926843,0.97618,0.191702,-0.101594,0.21575,-0.90709,0.361439,1.0
46,0.457403,-0.760743,0.460491,0.234966,0.602825,0.762491,-0.857655,-0.240566,0.454482,-0.02122,-0.378504,-0.925355,0.976364,0.191277,-0.100629,0.215088,-0.905619,0.365499,1.0
47,0.421073,-0.775727,0.470046,0.259939,0.599696,0.756832,-0.86898,-0.196499,0.454158,-0.016433,-0.380403,-0.924674,0.976952,0.190738,-0.095831,0.212825,-0.904937,0.368501,1.0
48,0.403151,-0.779123,0.480036,0.270858,0.60264,0.75064,-0.87413,-0.1726,0.453987,-0.007895,-0.38325,-0.92361,0.977472,0.191859,-0.087967,0.210916,-0.903498,0.373101,1.0
49,0.386181,-0.784073,0.485893,0.281608,0.601825,0.747331,-0.878385,-0.151774,0.453215,-0.003956,-0.384387,-0.923163,0.977511,0.193159,-0.084616,0.210842,-0.902737,0.374979,1.0
50,0.318859,-0.800697,0.50716,0.315472,0.594239,0.739835,-0.893759,-0.075909,0.442076,0.002782,-0.386222,-0.922401,0.977536,0.195446,-0.078888,0.210749,-0.901461,0.378089,1.0
51,0.286142,-0.790542,0.541447,0.317856,0.611391,0.724684,-0.90393,-0.03526,0.426223,0.00789,-0.387572,-0.921805,0.977633,0.196736,-0.074349,0.210168,-0.900601,0.380456,1.0
52,0.271473,-0.782037,0.560999,0.314217,0.622965,0.716367,-0.909709,-0.018198,0.414847,-0.004289,-0.386277,-0.922372,0.976815,0.195808,-0.086545,0.214039,-0.901359,0.376481,1.0
53,0.264716,-0.780625,0.566171,0.314256,0.624898,0.714664,-0.911684,-0.011261,0.410736,-0.014281,-0.384308,-0.923094,0.976178,0.194531,-0.09609,0.216499,-0.902476,0.372375,1.0
54,0.251024,-0.77823,0.575624,0.301916,0.627947,0.717306,-0.919691,-0.006271,0.39259,-0.038405,-0.377047,-0.925397,0.974635,0.190198,-0.117943,0.220479,-0.906454,0.360179,1.0
55,0.243118,-0.781803,0.574174,0.29614,0.623496,0.723569,-0.923685,-0.005877,0.383106,-0.062929,-0.369118,-0.927249,0.973325,0.182693,-0.138783,0.220629,-0.911249,0.347775,1.0
56,0.235528,-0.781551,0.577671,0.28975,0.62383,0.725865,-0.927669,-0.003581,0.373384,-0.069659,-0.367228,-0.927518,0.973337,0.178671,-0.143841,0.218543,-0.912808,0.34499,1.0
57,0.189507,-0.773964,0.604207,0.279452,0.632423,0.722459,-0.941271,0.031936,0.336134,-0.076697,-0.36556,-0.927621,0.973622,0.173055,-0.148698,0.214888,-0.914558,0.342645,1.0
58,0.108392,-0.752065,0.650114,0.272853,0.651359,0.708012,-0.955929,0.100643,0.275805,-0.078766,-0.365533,-0.927459,0.973964,0.170171,-0.149784,0.212578,-0.91511,0.342612,1.0
59,0.068499,-0.740704,0.668329,0.271645,0.658439,0.701901,-0.959956,0.133469,0.246311,-0.078726,-0.369075,-0.926058,0.974178,0.168703,-0.150053,0.21161,-0.913959,0.346264,1.0
60,0.018009,-0.714243,0.699665,0.258277,0.679351,0.686858,-0.965902,0.168338,0.196707,-0.077327,-0.36969,-0.925931,0.974635,0.167597,-0.148309,0.210012,-0.913914,0.347354,1.0
61,-0.018578,-0.65875,0.752132,0.246588,0.726005,0.641958,-0.968941,0.197393,0.148953,-0.073365,-0.370848,-0.92579,0.974839,0.169255,-0.145051,0.210486,-0.913139,0.3491,1.0
62,-0.087135,-0.573522,0.814542,0.255648,0.777396,0.574715,-0.962834,0.258314,0.078882,-0.052604,-0.377536,-0.924499,0.976825,0.172885,-0.126182,0.20747,-0.909712,0.359693,1.0
63,-0.120655,-0.531185,0.83862,0.244801,0.802781,0.543705,-0.962036,0.270896,0.033175,-0.042243,-0.379368,-0.92428,0.977719,0.174695,-0.116389,0.205622,-0.908603,0.363535,1.0
64,-0.190137,-0.478007,0.857529,0.233445,0.826398,0.512415,-0.953598,0.297615,-0.045541,-0.026339,-0.382638,-0.923522,0.978594,0.178757,-0.101973,0.204105,-0.90644,0.369739,1.0
65,-0.246936,-0.437066,0.864866,0.216032,0.845214,0.488817,-0.944643,0.307546,-0.114294,-0.033668,-0.379503,-0.924577,0.977288,0.181158,-0.109946,0.20922,-0.90728,0.364784,1.0
66,-0.286291,-0.409506,0.866222,0.221732,0.851206,0.475691,-0.932132,0.328256,-0.152893,-0.042461,-0.376231,-0.925551,0.976229,0.181445,-0.118542,0.212537,-0.908585,0.359584,1.0
67,-0.347242,-0.369497,0.861913,0.220388,0.861208,0.457983,-0.91151,0.348987,-0.217615,-0.047078,-0.374266,-0.926124,0.975621,0.18173,-0.123035,0.214352,-0.909339,0.356587,1.0
68,-0.351401,-0.377932,0.856553,0.222734,0.854885,0.468572,-0.909343,0.355441,-0.216229,-0.047368,-0.373868,-0.926271,0.975526,0.182021,-0.123356,0.214719,-0.909445,0.356096,1.0
69,-0.33181,-0.414007,0.847643,0.201195,0.846817,0.492361,-0.921641,0.333912,-0.197686,-0.076965,-0.366729,-0.927138,0.972012,0.179418,-0.151659,0.221964,-0.912862,0.342656,1.0
70,-0.334415,-0.423065,0.842129,0.203787,0.839973,0.502907,-0.920128,0.339795,-0.194684,-0.091811,-0.361343,-0.927901,0.970133,0.177649,-0.16517,0.224524,-0.915352,0.334241,1.0
71,-0.332584,-0.434581,0.836974,0.206743,0.83231,0.514311,-0.920132,0.34409,-0.186967,-0.108151,-0.359089,-0.927015,0.965502,0.184242,-0.18401,0.236871,-0.914936,0.326775,1.0
72,-0.31885,-0.444069,0.837338,0.210393,0.828248,0.519364,-0.924158,0.34177,-0.170658,-0.111748,-0.361234,-0.925754,0.964251,0.185831,-0.188907,0.240274,-0.91377,0.327554,1.0
73,-0.304479,-0.443499,0.842971,0.215518,0.829964,0.514501,-0.927817,0.33833,-0.157125,-0.110989,-0.361303,-0.925818,0.964577,0.185164,-0.187896,0.239315,-0.913878,0.327954,1.0
74,-0.262798,-0.454145,0.851286,0.232242,0.826584,0.512661,-0.936482,0.332431,-0.111753,-0.105549,-0.362091,-0.926147,0.965489,0.185679,-0.182627,0.238093,-0.913462,0.329997,1.0
75,-0.189544,-0.507161,0.840749,0.236308,0.807541,0.540403,-0.953011,0.301106,-0.033219,-0.098089,-0.362646,-0.926749,0.963719,0.197678,-0.179355,0.248241,-0.910719,0.330099,1.0
76,-0.104353,-0.568102,0.816314,0.240309,0.782071,0.574991,-0.96507,0.25617,0.054909,-0.101732,-0.361472,-0.926816,0.963046,0.197764,-0.182839,0.249382,-0.911167,0.327996,1.0
77,-0.053085,-0.595325,0.801729,0.240003,0.771722,0.588934,-0.969319,0.223681,0.101913,-0.101642,-0.361482,-0.926821,0.961411,0.203722,-0.184892,0.255649,-0.90985,0.326827,1.0
78,0.056985,-0.621011,0.781727,0.231506,0.769877,0.594721,-0.971162,0.147085,0.18764,-0.101071,-0.361571,-0.926849,0.95801,0.215894,-0.188692,0.268327,-0.907003,0.324568,1.0
79,0.130277,-0.612002,0.780051,0.248093,0.78185,0.571979,-0.959936,0.11901,0.25369,-0.112494,-0.357871,-0.926969,0.95573,0.216295,-0.199489,0.27189,-0.908374,0.317696,1.0
80,0.156645,-0.605523,0.780258,0.257034,0.787783,0.55976,-0.953622,0.112869,0.279042,-0.111719,-0.357953,-0.927031,0.955757,0.216743,-0.198871,0.272114,-0.908235,0.317902,1.0
81,0.212318,-0.592929,0.776759,0.24111,0.802093,0.546363,-0.946988,0.071282,0.31326,-0.114441,-0.356806,-0.927141,0.954964,0.217674,-0.201646,0.273764,-0.908463,0.315826,1.0
82,0.249952,-0.59407,0.764593,0.220105,0.803847,0.552615,-0.942909,0.030164,0.331681,-0.13041,-0.351664,-0.926997,0.951595,0.218064,-0.216595,0.278314,-0.910373,0.306204,1.0
83,0.305356,-0.603483,0.73659,0.188682,0.796543,0.574384,-0.933357,-0.03641,0.357096,-0.162996,-0.341874,-0.925501,0.942645,0.22299,-0.248386,0.291294,-0.912905,0.28592,1.0
84,0.340285,-0.601033,0.723162,0.166155,0.79539,0.582878,-0.925525,-0.078187,0.370524,-0.182892,-0.337039,-0.923555,0.934309,0.232771,-0.269968,0.305967,-0.912261,0.272326,1.0
85,0.397509,-0.58769,0.704703,0.123227,0.795219,0.593667,-0.909286,-0.14915,0.388526,-0.239861,-0.322629,-0.915628,0.91608,0.236973,-0.323479,0.321343,-0.91638,0.238713,1.0
86,0.43998,-0.563892,0.698886,0.081425,0.800109,0.594302,-0.894307,-0.204574,0.397947,-0.273682,-0.313439,-0.909314,0.908233,0.22694,-0.351582,0.31656,-0.922091,0.222566,1.0
87,0.459319,-0.547754,0.699278,0.058975,0.804303,0.591284,-0.886311,-0.230348,0.401736,-0.271774,-0.317634,-0.90843,0.904186,0.238943,-0.354051,0.329522,-0.917613,0.222262,1.0
88,0.52048,-0.49524,0.695584,-0.012893,0.80997,0.586328,-0.853776,-0.314141,0.415188,-0.25774,-0.32618,-0.909492,0.906261,0.244801,-0.34462,0.335052,-0.91306,0.232509,1.0
89,0.564122,-0.462267,0.68416,-0.053921,0.806197,0.589184,-0.823928,-0.369262,0.429868,-0.240771,-0.331035,-0.912383,0.912342,0.243535,-0.329121,0.331148,-0.91165,0.243381,1.0
90,0.595522,-0.455326,0.661839,-0.059667,0.796515,0.601667,-0.801119,-0.397796,0.447174,-0.230871,-0.334296,-0.913752,0.913194,0.249684,-0.322077,0.335819,-0.908792,0.247632,1.0
91,0.621401,-0.445851,0.644265,-0.069145,0.787883,0.61193,-0.780435,-0.424802,0.458763,-0.237855,-0.333631,-0.912203,0.906599,0.260777,-0.331771,0.348571,-0.905916,0.240443,1.0
92,0.676854,-0.412344,0.609787,-0.104898,0.7659,0.634344,-0.728605,-0.493324,0.475148,-0.258095,-0.32824,-0.90865,0.897845,0.265792,-0.351039,0.356737,-0.906428,0.226109,1.0
93,0.70248,-0.398697,0.589542,-0.128238,0.743888,0.655883,-0.700053,-0.536348,0.471439,-0.264535,-0.331961,-0.90544,0.886748,0.285327,-0.363683,0.379075,-0.899104,0.218887,1.0
94,0.702629,-0.404805,0.585188,-0.129213,0.736145,0.664375,-0.699725,-0.542423,0.464931,-0.269253,-0.335683,-0.902673,0.882749,0.28871,-0.370675,0.38504,-0.896639,0.218588,1.0
95,0.702497,-0.421489,0.573449,-0.119542,0.724429,0.678905,-0.701574,-0.54548,0.458523,-0.275719,-0.336326,-0.900479,0.879021,0.290861,-0.377784,0.388973,-0.895703,0.215442,1.0
96,0.717501,-0.438854,0.540924,-0.092275,0.709839,0.698292,-0.690418,-0.550939,0.468815,-0.271442,-0.342688,-0.89938,0.878967,0.292423,-0.376703,0.392091,-0.892778,0.221835,1.0
97,0.725486,-0.445362,0.524711,-0.078451,0.703916,0.705936,-0.68375,-0.553311,0.475743,-0.268053,-0.347796,-0.898434,0.878022,0.295628,-0.376404,0.396514,-0.889742,0.226129,1.0
98,0.729441,-0.456789,0.509175,-0.064756,0.694905,0.716179,-0.680971,-0.555382,0.477312,-0.267433,-0.358827,-0.894271,0.878726,0.289985,-0.37914,0.395371,-0.887215,0.23776,1.0
99,0.721274,-0.471077,0.507788,-0.059473,0.688283,0.723,-0.690091,-0.551681,0.468424,-0.268894,-0.375368,-0.887013,0.878059,0.282969,-0.385927,0.395862,-0.882624,0.253507,1.0
100,0.716822,-0.487401,0.498604,-0.052853,0.675055,0.735871,-0.69525,-0.553841,0.458134,-0.274989,-0.396849,-0.875723,0.875426,0.27323,-0.398715,0.397504,-0.876274,0.272277,1.0
101,0.706092,-0.508944,0.49235,-0.037082,0.667763,0.743449,-0.707147,-0.543201,0.45263,-0.278774,-0.408245,-0.869263,0.873699,0.267932,-0.40603,0.398663,-0.872666,0.281991,1.0
102,0.674625,-0.561343,0.479348,0.00989,0.656197,0.754524,-0.738094,-0.50428,0.448238,-0.282831,-0.431523,-0.856617,0.871248,0.257943,-0.417601,0.401163,-0.864438,0.303009,1.0
103,0.659116,-0.58355,0.474377,0.031534,0.651677,0.75784,-0.751379,-0.484546,0.447932,-0.274075,-0.456278,-0.846576,0.874228,0.248622,-0.417027,0.400758,-0.854398,0.33075,1.0
104,0.644945,-0.593633,0.481296,0.036257,0.652837,0.756629,-0.763368,-0.470534,0.442567,-0.268065,-0.466774,-0.84277,0.876826,0.244222,-0.414161,0.399143,-0.849986,0.343812,1.0
105,0.627143,-0.597163,0.500086,0.042562,0.667353,0.743523,-0.777739,-0.445011,0.443943,-0.255377,-0.483944,-0.837006,0.882967,0.235953,-0.405824,0.39389,-0.842688,0.36705,1.0
106,0.624592,-0.595194,0.505597,0.041186,0.671615,0.739753,-0.779863,-0.441221,0.444,-0.250012,-0.494034,-0.83272,0.886433,0.229205,-0.402121,0.389525,-0.838686,0.380624,1.0
107,0.624841,-0.595938,0.504411,0.04071,0.670048,0.741199,-0.779689,-0.442597,0.442934,-0.236926,-0.498315,-0.833994,0.887691,0.237809,-0.394272,0.394803,-0.833743,0.386007,1.0
108,0.624141,-0.595636,0.505634,0.039801,0.670558,0.740788,-0.780297,-0.442231,0.442229,-0.229236,-0.50052,-0.834823,0.888284,0.243113,-0.389675,0.397997,-0.830888,0.388873,1.0
109,0.616646,-0.590432,0.520708,0.029204,0.678136,0.734355,-0.786698,-0.437631,0.435413,-0.221425,-0.505539,-0.833907,0.888687,0.247472,-0.385995,0.401504,-0.826551,0.39447,1.0
110,0.599357,-0.592525,0.538222,0.022594,0.684628,0.728542,-0.800162,-0.424497,0.423724,-0.210144,-0.508743,-0.834876,0.887688,0.25856,-0.380994,0.409694,-0.821173,0.39727,1.0
111,0.585719,-0.600742,0.544097,0.030177,0.686997,0.726033,-0.809951,-0.408832,0.420516,-0.204145,-0.51327,-0.833593,0.88698,0.263339,-0.379365,0.414234,-0.816826,0.401501,1.0
112,0.541557,-0.625791,0.561338,0.049617,0.690362,0.72176,-0.839198,-0.363022,0.40492,-0.18081,-0.520232,-0.834664,0.88771,0.279027,-0.366214,0.42341,-0.807156,0.411364,1.0
113,0.496002,-0.644209,0.582215,0.060647,0.694571,0.716862,-0.8662,-0.320255,0.383578,-0.150337,-0.526227,-0.836948,0.891412,0.293942,-0.344935,0.427529,-0.797923,0.424895,1.0
114,0.473004,-0.652893,0.591605,0.07722,0.699606,0.710343,-0.877669,-0.290311,0.381333,-0.117304,-0.532886,-0.838016,0.898359,0.302749,-0.318266,0.423308,-0.790173,0.44321,1.0
115,0.461801,-0.657202,0.595671,0.090683,0.703032,0.705351,-0.882335,-0.271715,0.384258,-0.107972,-0.53391,-0.838618,0.898857,0.307962,-0.311793,0.424732,-0.787463,0.446658,1.0
116,0.451455,-0.656383,0.604441,0.106148,0.712097,0.694009,-0.885957,-0.249154,0.391153,-0.092323,-0.541383,-0.83569,0.894781,0.323106,-0.308169,0.436854,-0.776212,0.454589,1.0
117,0.444573,-0.650142,0.616173,0.109673,0.722223,0.682909,-0.889002,-0.236026,0.392384,-0.085305,-0.552257,-0.829297,0.896035,0.32146,-0.306241,0.43571,-0.769204,0.46742,1.0
118,0.443372,-0.644257,0.623179,0.106495,0.728189,0.677051,-0.889988,-0.23382,0.391469,-0.080252,-0.560743,-0.824091,0.89421,0.324776,-0.308071,0.440394,-0.761634,0.475358,1.0
119,0.439639,-0.637166,0.633037,0.107295,0.737014,0.667306,-0.891742,-0.225452,0.392384,-0.077458,-0.582318,-0.809261,0.894461,0.317949,-0.314399,0.440385,-0.748206,0.496234,1.0
120,0.443026,-0.634025,0.633829,0.108175,0.739636,0.664255,-0.889958,-0.225718,0.396263,-0.070961,-0.605159,-0.792935,0.895523,0.311465,-0.317848,0.43932,-0.732647,0.519832,1.0
121,0.44205,-0.62953,0.63897,0.106027,0.744026,0.659683,-0.890701,-0.223865,0.395644,-0.060032,-0.625517,-0.777896,0.891852,0.3164,-0.323247,0.448323,-0.713174,0.538875,1.0
122,0.439482,-0.626919,0.643294,0.103612,0.746764,0.656969,-0.892255,-0.222073,0.393146,-0.057868,-0.632693,-0.772236,0.892081,0.314472,-0.324496,0.448153,-0.707676,0.546216,1.0
123,0.43218,-0.625444,0.649645,0.097944,0.748691,0.655643,-0.896452,-0.219727,0.384828,-0.053557,-0.642545,-0.764373,0.892373,0.31271,-0.325394,0.448108,-0.699533,0.556642,1.0
124,0.429918,-0.62678,0.649859,0.096686,0.747594,0.65708,-0.897675,-0.219658,0.382004,-0.039699,-0.646391,-0.761971,0.892288,0.320279,-0.318186,0.449716,-0.69253,0.564052,1.0
125,0.429799,-0.626578,0.650132,0.096569,0.747798,0.656864,-0.897745,-0.219537,0.381911,-0.036677,-0.646432,-0.762088,0.892379,0.322059,-0.316129,0.449793,-0.691667,0.56505,1.0
126,0.428347,-0.62501,0.652595,0.095173,0.749394,0.655248,-0.898588,-0.218564,0.380485,-0.021917,-0.647042,-0.762138,0.895087,0.326883,-0.303259,0.445352,-0.688827,0.571995,1.0
127,0.426813,-0.623355,0.655178,0.094058,0.751152,0.653393,-0.899435,-0.217252,0.379232,0.004046,-0.650211,-0.759742,0.89974,0.333929,-0.280996,0.436407,-0.682433,0.586372,1.0
128,0.417313,-0.619679,0.664715,0.086693,0.755262,0.649664,-0.904618,-0.213487,0.368902,0.02472,-0.65307,-0.756892,0.900199,0.343821,-0.267259,0.434775,-0.674747,0.596393,1.0
129,0.41072,-0.617824,0.670523,0.081767,0.757411,0.647797,-0.908087,-0.211237,0.361601,0.034888,-0.656412,-0.753594,0.89997,0.348511,-0.261904,0.434553,-0.669075,0.60291,1.0
130,0.395404,-0.612522,0.684449,0.070538,0.763225,0.64227,-0.915794,-0.205676,0.344989,0.053739,-0.661733,-0.74781,0.8994,0.357424,-0.251649,0.43381,-0.659057,0.614371,1.0
131,0.381388,-0.600824,0.702533,0.060766,0.774626,0.629492,-0.922415,-0.19739,0.331943,0.06931,-0.664811,-0.743788,0.898829,0.365068,-0.242548,0.432782,-0.651728,0.622855,1.0
132,0.372007,-0.591595,0.715279,0.054755,0.783229,0.619317,-0.926613,-0.191226,0.32376,0.081312,-0.669021,-0.738781,0.898285,0.370337,-0.236501,0.431823,-0.644406,0.631085,1.0
133,0.37001,-0.58674,0.720297,0.053531,0.7875,0.613985,-0.927484,-0.188622,0.322791,0.085864,-0.668879,-0.738395,0.89799,0.372982,-0.233445,0.431555,-0.643027,0.632673,1.0
134,0.369115,-0.575869,0.72947,0.052977,0.796658,0.602103,-0.927872,-0.1836,0.324566,0.089584,-0.670991,-0.736033,0.897768,0.374391,-0.232038,0.43126,-0.640001,0.635934,1.0
135,0.370466,-0.565542,0.736829,0.054069,0.805059,0.590725,-0.92727,-0.179004,0.328825,0.0892,-0.670946,-0.73612,0.897781,0.374206,-0.232286,0.431313,-0.640156,0.635742,1.0
136,0.368564,-0.564219,0.738794,0.059772,0.807481,0.586856,-0.927678,-0.172135,0.331333,0.086171,-0.67094,-0.736486,0.897215,0.373622,-0.235394,0.433103,-0.640503,0.634173,1.0
137,0.365045,-0.554873,0.747568,0.057313,0.814852,0.576827,-0.929223,-0.167722,0.329259,0.111253,-0.666924,-0.736772,0.880515,0.409893,-0.238074,0.460775,-0.622253,0.632839,1.0
138,0.366096,-0.542839,0.755843,0.057505,0.823875,0.563846,-0.928798,-0.162957,0.332834,0.120396,-0.665564,-0.736565,0.875487,0.420971,-0.237288,0.468003,-0.616285,0.633375,1.0
139,0.369632,-0.536815,0.758419,0.059339,0.828197,0.557285,-0.927281,-0.160987,0.337983,0.125073,-0.664793,-0.736481,0.872833,0.426661,-0.236901,0.471718,-0.613196,0.633617,1.0
140,0.385354,-0.537104,0.750346,0.068533,0.82756,0.557178,-0.920219,-0.163287,0.355713,0.152643,-0.658753,-0.736711,0.853353,0.463856,-0.23796,0.498485,-0.592352,0.632953,1.0
141,0.401497,-0.541947,0.738303,0.078177,0.823468,0.561949,-0.912517,-0.167903,0.372988,0.163627,-0.656374,-0.736477,0.847054,0.476154,-0.23617,0.505693,-0.585191,0.633896,1.0
142,0.407571,-0.541916,0.734991,0.081668,0.823282,0.561727,-0.909514,-0.168918,0.379803,0.169647,-0.655023,-0.736318,0.843768,0.482576,-0.234893,0.50919,-0.581433,0.634554,1.0
143,0.41429,-0.539031,0.733354,0.085065,0.825161,0.558455,-0.90616,-0.168979,0.387709,0.192711,-0.648723,-0.736219,0.827861,0.510279,-0.232937,0.526789,-0.564599,0.635389,1.0
144,0.416275,-0.537819,0.733119,0.085403,0.825864,0.557364,-0.905218,-0.169406,0.389718,0.186285,-0.64807,-0.738446,0.816542,0.520116,-0.250475,0.546403,-0.556313,0.626066,1.0
145,0.414333,-0.535448,0.73595,0.082965,0.827478,0.555333,-0.906336,-0.169034,0.387275,0.159249,-0.649559,-0.743446,0.809271,0.517201,-0.278536,0.565437,-0.557293,0.608033,1.0
146,0.41414,-0.535043,0.736353,0.082399,0.827706,0.555079,-0.906475,-0.169206,0.386873,0.144829,-0.651407,-0.744777,0.802286,0.517855,-0.296921,0.579103,-0.554521,0.597615,1.0
147,0.412718,-0.534778,0.737343,0.081172,0.827876,0.555005,-0.907234,-0.169209,0.385088,0.127237,-0.653865,-0.745835,0.789836,0.521638,-0.32257,0.599973,-0.548045,0.582817,1.0
148,0.409632,-0.536673,0.737688,0.07946,0.826563,0.557206,-0.908783,-0.169632,0.381231,0.102067,-0.658412,-0.745704,0.788066,0.510978,-0.343297,0.60707,-0.552625,0.571026,1.0
149,0.41265,-0.537241,0.735589,0.0752,0.824886,0.560273,-0.907779,-0.17588,0.38079,0.095183,-0.65995,-0.745255,0.772931,0.520776,-0.362448,0.627309,-0.541532,0.559665,1.0
150,0.416487,-0.534457,0.735454,0.070812,0.825567,0.559842,-0.906379,-0.181088,0.381684,0.088169,-0.659008,-0.746949,0.76843,0.522147,-0.369968,0.63383,-0.541358,0.552439,1.0
151,0.423909,-0.529332,0.73492,0.062179,0.826529,0.559448,-0.903567,-0.191458,0.383287,0.072816,-0.662519,-0.745495,0.768179,0.513979,-0.38174,0.63608,-0.544877,0.546359,1.0
152,0.423779,-0.529309,0.735011,0.062038,0.826537,0.559452,-0.903637,-0.191486,0.383107,0.077686,-0.662638,-0.744899,0.75975,0.523142,-0.386135,0.645556,-0.53594,0.54408,1.0
153,0.423734,-0.529289,0.735051,0.061999,0.826551,0.559435,-0.903661,-0.19148,0.383054,0.078479,-0.662881,-0.7446,0.755993,0.526455,-0.388997,0.649857,-0.532385,0.542449,1.0
154,0.429041,-0.524689,0.735272,0.058444,0.828417,0.557054,-0.901392,-0.196027,0.386089,0.082465,-0.662597,-0.744421,0.753649,0.53021,-0.388444,0.652082,-0.529,0.54309,1.0
155,0.428981,-0.524773,0.735247,0.058331,0.828338,0.557183,-0.901428,-0.196133,0.385952,0.089167,-0.664329,-0.742102,0.749033,0.535824,-0.389669,0.656504,-0.521113,0.545382,1.0
156,0.428944,-0.524737,0.735294,0.058297,0.828365,0.557147,-0.901447,-0.196119,0.385912,0.094171,-0.667135,-0.73896,0.745513,0.539187,-0.391773,0.659804,-0.514011,0.548134,1.0
157,0.43218,-0.521613,0.735622,0.053635,0.829162,0.556429,-0.900191,-0.201022,0.386324,0.101039,-0.674077,-0.731717,0.745195,0.538561,-0.393236,0.659146,-0.50554,0.556734,1.0
158,0.438757,-0.515489,0.736045,0.044474,0.83055,0.555165,-0.897504,-0.210847,0.387335,0.114464,-0.680873,-0.723401,0.743709,0.54151,-0.391998,0.658629,-0.493131,0.568355,1.0
159,0.439993,-0.514089,0.736286,0.039291,0.830152,0.556149,-0.89714,-0.215773,0.38546,0.118714,-0.691866,-0.712199,0.740073,0.539844,-0.401072,0.661964,-0.479467,0.576118,1.0
160,0.438334,-0.515897,0.736011,0.039049,0.829028,0.55784,-0.897963,-0.21578,0.383536,0.116639,-0.697015,-0.707505,0.741895,0.534751,-0.404513,0.660292,-0.477713,0.579485,1.0
161,0.445294,-0.510723,0.735441,0.025032,0.828149,0.559947,-0.895034,-0.230932,0.381555,0.12285,-0.704803,-0.698684,0.743042,0.532011,-0.40602,0.657872,-0.469272,0.589056,1.0
162,0.446589,-0.505584,0.738202,0.014427,0.829009,0.559048,-0.894622,-0.239015,0.377521,0.12939,-0.712048,-0.690105,0.748389,0.526693,-0.403121,0.650515,-0.464308,0.601038,1.0
163,0.443599,-0.503557,0.741383,0.013277,0.83083,0.556367,-0.896127,-0.23696,0.375241,0.132171,-0.715468,-0.686028,0.751189,0.523854,-0.40161,0.646718,-0.462256,0.606691,1.0
164,0.443848,-0.500905,0.74303,0.012339,0.832517,0.553861,-0.896017,-0.236662,0.375692,0.13876,-0.718582,-0.681457,0.756232,0.521176,-0.395584,0.639419,-0.460449,0.615734,1.0
165,0.454283,-0.498057,0.738624,0.014423,0.833119,0.552904,-0.89074,-0.240522,0.385656,0.149973,-0.717792,-0.679913,0.763599,0.520924,-0.381514,0.628031,-0.461964,0.62623,1.0
166,0.481692,-0.494006,0.72383,0.026271,0.833738,0.551534,-0.875946,-0.246654,0.414583,0.150319,-0.717895,-0.679728,0.766162,0.519116,-0.378832,0.624819,-0.463836,0.628056,1.0
167,0.495239,-0.489082,0.718008,0.031854,0.836145,0.547582,-0.868172,-0.248312,0.429671,0.149899,-0.717024,-0.680738,0.766403,0.519248,-0.378163,0.624624,-0.465034,0.627364,1.0
168,0.51734,-0.471145,0.714409,0.038226,0.846695,0.530703,-0.854925,-0.247245,0.456039,0.150763,-0.715723,-0.681916,0.766228,0.520455,-0.376854,0.624631,-0.465688,0.626872,1.0
169,0.565332,-0.420511,0.709626,0.006477,0.862532,0.50596,-0.824838,-0.281439,0.49034,0.154644,-0.714834,-0.681979,0.762926,0.524983,-0.377275,0.627717,-0.461956,0.626551,1.0
170,0.589624,-0.392658,0.705806,-0.01012,0.870211,0.492574,-0.807614,-0.297576,0.509123,0.154416,-0.714897,-0.681965,0.762959,0.52483,-0.37742,0.627733,-0.462032,0.62648,1.0
171,0.617817,-0.350805,0.70373,-0.022128,0.886854,0.461517,-0.786009,-0.300705,0.540151,0.155133,-0.71466,-0.682051,0.762674,0.525463,-0.377115,0.627902,-0.461679,0.626569,1.0
172,0.631985,-0.339702,0.69656,-0.018923,0.891778,0.452076,-0.774749,-0.298886,0.557163,0.156617,-0.714213,-0.68218,0.762306,0.526582,-0.376296,0.627979,-0.461096,0.626921,1.0
173,0.629683,-0.352881,0.692079,-0.008064,0.887859,0.460044,-0.77681,-0.295263,0.556224,0.156619,-0.714223,-0.682169,0.762375,0.526527,-0.376234,0.627896,-0.461144,0.62697,1.0
174,0.62575,-0.361784,0.691048,0.002331,0.886796,0.462153,-0.780019,-0.287582,0.555757,0.160992,-0.713146,-0.682277,0.759045,0.53131,-0.376243,0.630818,-0.457307,0.626847,1.0
175,0.621449,-0.379641,0.685327,0.032408,0.886458,0.461672,-0.782784,-0.264696,0.563192,0.162592,-0.712692,-0.682373,0.758844,0.532344,-0.375185,0.630649,-0.456813,0.627377,1.0
176,0.621582,-0.386567,0.681322,0.061655,0.891201,0.449398,-0.780918,-0.237331,0.577788,0.163303,-0.712491,-0.682412,0.75877,0.532791,-0.3747,0.630554,-0.456604,0.627624,1.0
177,0.623041,-0.391082,0.677401,0.07665,0.892391,0.444703,-0.778423,-0.225145,0.585973,0.163489,-0.712435,-0.682426,0.75873,0.532925,-0.374591,0.630554,-0.456536,0.627674,1.0
178,0.613389,-0.4089,0.675688,0.106012,0.890424,0.442612,-0.782633,-0.199862,0.589525,0.163809,-0.712346,-0.682442,0.758706,0.533118,-0.374365,0.6305,-0.456449,0.627791,1.0
179,0.612787,-0.406175,0.677873,0.112624,0.89393,0.433824,-0.782181,-0.189497,0.593534,0.164072,-0.712268,-0.682461,0.758655,0.533303,-0.374205,0.630493,-0.456357,0.627866,1.0
180,0.613455,-0.409007,0.675562,0.119678,0.893703,0.432401,-0.780608,-0.184409,0.597196,0.164407,-0.712165,-0.682487,0.758577,0.533548,-0.374013,0.630499,-0.45623,0.627951,1.0
181,0.621186,-0.406094,0.670234,0.124191,0.895464,0.427457,-0.773758,-0.182294,0.606684,0.164764,-0.712059,-0.682512,0.758513,0.533794,-0.373792,0.630483,-0.456107,0.628057,1.0
182,0.623035,-0.410406,0.665878,0.137779,0.895566,0.423057,-0.769964,-0.171835,0.614514,0.164829,-0.712043,-0.682513,0.758521,0.533823,-0.373735,0.630456,-0.456099,0.62809,1.0
183,0.631836,-0.405856,0.66035,0.141163,0.897958,0.416824,-0.762138,-0.170148,0.624655,0.165125,-0.711958,-0.68253,0.758482,0.534015,-0.373539,0.630426,-0.456006,0.628187,1.0
184,0.637388,-0.402439,0.657098,0.142909,0.899719,0.412409,-0.757174,-0.16896,0.630983,0.165217,-0.711932,-0.682535,0.75847,0.534074,-0.373479,0.630417,-0.455978,0.628218,1.0
185,0.649917,-0.39371,0.650076,0.146045,0.904114,0.401556,-0.745841,-0.166038,0.645098,0.165481,-0.711856,-0.682551,0.758435,0.534246,-0.373305,0.63039,-0.455896,0.628304,1.0
186,0.664111,-0.385664,0.640483,0.15032,0.908065,0.390922,-0.732365,-0.163338,0.661029,0.165481,-0.711856,-0.682551,0.758435,0.534246,-0.373305,0.63039,-0.455896,0.628304,1.0
187,0.673438,-0.383115,0.632221,0.153741,0.909111,0.387142,-0.72308,-0.163518,0.671131,0.165617,-0.71182,-0.682556,0.758434,0.534321,-0.373201,0.630356,-0.455865,0.628361,1.0
188,0.690921,-0.380488,0.6147,0.160931,0.909904,0.382327,-0.70479,-0.165233,0.689904,0.165927,-0.71173,-0.682574,0.758392,0.534522,-0.372997,0.630324,-0.455769,0.628462,1.0
189,0.696875,-0.378621,0.609106,0.162848,0.910645,0.379745,-0.698459,-0.165443,0.696263,0.165978,-0.711712,-0.68258,0.758368,0.534569,-0.372977,0.630339,-0.455741,0.628467,1.0
190,0.703184,-0.370102,0.607087,0.156815,0.913545,0.375291,-0.693498,-0.168698,0.700428,0.165978,-0.711712,-0.68258,0.758368,0.534569,-0.372978,0.630339,-0.455741,0.628467,1.0
191,0.704665,-0.366779,0.607387,0.15531,0.915003,0.372353,-0.692333,-0.16805,0.701735,0.166117,-0.711675,-0.682585,0.758366,0.534646,-0.372871,0.630305,-0.455709,0.628524,1.0
192,0.708178,-0.360076,0.607312,0.152993,0.918,0.36588,-0.689258,-0.166194,0.705197,0.166097,-0.711678,-0.682587,0.758352,0.534647,-0.372899,0.630327,-0.455704,0.628506,1.0
193,0.709576,-0.358967,0.606335,0.152528,0.918352,0.365191,-0.687921,-0.166648,0.706393,0.166118,-0.711669,-0.682591,0.758333,0.534674,-0.372899,0.630345,-0.455686,0.628501,1.0
194,0.709337,-0.358565,0.606853,0.152001,0.918501,0.365035,-0.688284,-0.166691,0.70603,0.166193,-0.711656,-0.682586,0.758373,0.534681,-0.372807,0.630276,-0.455698,0.628561,1.0
195,0.709113,-0.357947,0.607479,0.151463,0.918774,0.36457,-0.688633,-0.16651,0.705731,0.166367,-0.711603,-0.682599,0.758333,0.534808,-0.372707,0.630279,-0.455632,0.628606,1.0
196,0.709947,-0.354081,0.60877,0.149553,0.920501,0.360986,-0.688192,-0.165238,0.706461,0.166465,-0.711572,-0.682608,0.758303,0.534886,-0.372657,0.630289,-0.455589,0.628627,1.0
197,0.712704,-0.350315,0.607727,0.148732,0.922137,0.357129,-0.685515,-0.164139,0.709314,0.166526,-0.71156,-0.682605,0.758328,0.534898,-0.372588,0.630243,-0.455594,0.628671,1.0
198,0.714219,-0.349137,0.606625,0.148764,0.922623,0.355858,-0.68393,-0.163916,0.710894,0.166498,-0.711571,-0.682601,0.758349,0.534866,-0.372591,0.630225,-0.455614,0.628673,1.0
199,0.715584,-0.348126,0.605596,0.148116,0.922868,0.355493,-0.682642,-0.164686,0.711952,0.166628,-0.711527,-0.682615,0.758298,0.534978,-0.372535,0.630253,-0.45555,0.628692,1.0
200,0.725203,-0.333077,0.602611,0.133101,0.926515,0.351928,-0.675547,-0.175011,0.716244,0.166697,-0.711504,-0.682622,0.758271,0.535037,-0.372504,0.630266,-0.455517,0.628703,1.0
201,0.730297,-0.324031,0.601389,0.122994,0.928327,0.350829,-0.671966,-0.182242,0.717808,0.166738,-0.711496,-0.682621,0.758283,0.535049,-0.372463,0.630242,-0.455516,0.628728,1.0
202,0.734378,-0.314756,0.601346,0.111915,0.93,0.350106,-0.66945,-0.189811,0.718197,0.166915,-0.711441,-0.682634,0.758242,0.535178,-0.372361,0.630244,-0.455449,0.628774,1.0
203,0.734977,-0.312337,0.601874,0.110309,0.93085,0.348351,-0.669058,-0.189638,0.718607,0.167004,-0.711416,-0.682639,0.75823,0.535235,-0.372303,0.630235,-0.455421,0.628803,1.0
204,0.736675,-0.310237,0.600883,0.109483,0.931551,0.346736,-0.667324,-0.189645,0.720216,0.167136,-0.711381,-0.682643,0.758229,0.535308,-0.372201,0.630201,-0.455392,0.628859,1.0
205,0.740332,-0.304721,0.599209,0.10465,0.932737,0.345035,-0.664044,-0.192734,0.722424,0.167184,-0.711367,-0.682646,0.758222,0.535339,-0.37217,0.630196,-0.455377,0.628874,1.0
206,0.750989,-0.289081,0.593672,0.087103,0.934588,0.344901,-0.654543,-0.207307,0.727046,0.167358,-0.711313,-0.682659,0.758182,0.535466,-0.37207,0.630199,-0.455311,0.628919,1.0
207,0.756363,-0.286463,0.588092,0.082537,0.933623,0.348618,-0.648923,-0.215142,0.729802,0.167446,-0.711288,-0.682663,0.758169,0.535523,-0.372011,0.63019,-0.455283,0.628948,1.0
208,0.758403,-0.282046,0.587599,0.077399,0.934116,0.348476,-0.647172,-0.218806,0.730267,0.167508,-0.711273,-0.682664,0.758178,0.535549,-0.371956,0.630163,-0.455276,0.62898,1.0
209,0.767395,-0.264632,0.584015,0.056696,0.935292,0.349305,-0.638662,-0.234943,0.732742,0.167596,-0.711251,-0.682666,0.758183,0.535593,-0.371884,0.630134,-0.45526,0.629021,1.0
210,0.771069,-0.255255,0.583349,0.045192,0.935761,0.349725,-0.635145,-0.243299,0.733072,0.16762,-0.71124,-0.68267,0.758163,0.535623,-0.371883,0.630152,-0.45524,0.629017,1.0
211,0.775728,-0.242199,0.582738,0.029539,0.936342,0.349842,-0.630374,-0.254168,0.733502,0.167722,-0.711208,-0.682679,0.758132,0.535702,-0.37183,0.630162,-0.455197,0.629038,1.0
212,0.779352,-0.237227,0.579942,0.023136,0.935822,0.351709,-0.626158,-0.260688,0.734824,0.167825,-0.711178,-0.682685,0.758118,0.53577,-0.371762,0.630151,-0.455165,0.629072,1.0
213,0.788271,-0.225976,0.572331,0.008941,0.934232,0.356552,-0.615263,-0.275942,0.738449,0.16797,-0.711136,-0.682693,0.758098,0.535864,-0.371666,0.630136,-0.45512,0.62912,1.0
214,0.794013,-0.218125,0.567419,-0.000894,0.932988,0.359905,-0.607899,-0.286277,0.740609,0.168246,-0.711055,-0.682709,0.75806,0.536043,-0.371485,0.630108,-0.455034,0.62921,1.0
215,0.796543,-0.220002,0.563131,0.000267,0.931569,0.363563,-0.60458,-0.289443,0.742094,0.168345,-0.711029,-0.682712,0.758063,0.536094,-0.371405,0.630078,-0.455015,0.629254,1.0
216,0.805144,-0.191867,0.561185,-0.032101,0.930738,0.364273,-0.592209,-0.311307,0.743219,0.168428,-0.711005,-0.682716,0.758052,0.536148,-0.37135,0.63007,-0.454989,0.629282,1.0
217,0.806302,-0.17906,0.563749,-0.049708,0.929195,0.366229,-0.58941,-0.323314,0.740312,0.168347,-0.711026,-0.682715,0.758046,0.536109,-0.371419,0.630098,-0.455003,0.629243,1.0
218,0.807275,-0.169337,0.565359,-0.061651,0.928514,0.366141,-0.586946,-0.330432,0.739126,0.16836,-0.711028,-0.682709,0.758078,0.53609,-0.371381,0.630057,-0.455022,0.629271,1.0
219,0.808235,-0.160088,0.56668,-0.07349,0.92739,0.366805,-0.584254,-0.338111,0.737784,0.168363,-0.711027,-0.682709,0.758077,0.536092,-0.371379,0.630056,-0.45502,0.629272,1.0
220,0.809588,-0.144681,0.568887,-0.091436,0.926235,0.365686,-0.579831,-0.348072,0.736641,0.168444,-0.711,-0.682717,0.758049,0.536159,-0.37134,0.630068,-0.454984,0.629287,1.0
221,0.804626,-0.14459,0.575907,-0.098897,0.923718,0.370086,-0.585487,-0.354736,0.728948,0.168441,-0.711002,-0.682717,0.75805,0.536156,-0.371342,0.630068,-0.454985,0.629286,1.0
222,0.799711,-0.148369,0.581763,-0.100531,0.922211,0.373388,-0.591908,-0.357087,0.722587,0.168458,-0.710999,-0.682715,0.758065,0.536154,-0.371316,0.630046,-0.454991,0.629303,1.0
223,0.783202,-0.154896,0.602164,-0.106166,0.920934,0.374978,-0.612636,-0.357613,0.704832,0.168502,-0.71099,-0.682714,0.758075,0.536168,-0.371273,0.630022,-0.454989,0.629329,1.0
224,0.76793,-0.16818,0.618059,-0.108126,0.917031,0.383879,-0.63134,-0.36162,0.686031,0.168491,-0.710987,-0.68272,0.758043,0.536189,-0.371309,0.630063,-0.454969,0.629302,1.0
225,0.765117,-0.16248,0.623052,-0.123682,0.912532,0.389854,-0.631899,-0.375344,0.678099,0.168634,-0.710945,-0.682728,0.758024,0.536282,-0.371215,0.630049,-0.454925,0.629349,1.0
226,0.750615,-0.175526,0.636999,-0.131365,0.905179,0.404219,-0.647549,-0.387092,0.656383,0.168573,-0.71096,-0.682728,0.758015,0.536256,-0.371269,0.630075,-0.454932,0.629317,1.0
